lh_model.txt
ncols         275
nrows         292
xllcorner     0
yllcorner     0
cellsize      2
NODATA_value  -9999
[rows 168 to 195 of 292, columns 126 to 188 of 275]
879.2158 878.9457 878.3646 878.1401 877.8918 877.2864 876.9362 876.637 876.3774 876.2334 875.8997 875.5126 875.2416 874.8217 874.5804 874.202 873.4263 873.2131 873.0811 872.9824 872.7901 872.5294 872.2957 872.0245 871.6927 871.1264 870.411 870.117 869.9576 869.6437 869.4315 869.2645 869.0616 868.5426 868.2391 868.1926 868.2615 867.7228 867.0148 866.3902 866.1478 865.1556 864.6091 863.5911 862.2889 860.9914 860.189 859.4868 858.8379 858.3534 857.8294 857.4512 857.0711 856.528 856.3589 855.7469 855.3591 854.8689 854.0821 853.329 852.7449 852.0971 852.4249
879.3586 879.0806 878.743 878.4921 878.1021 877.4113 877.1796 876.9201 876.6606 876.4028 876.3782 875.7723 875.4953 875.1051 874.757 874.5417 873.9997 873.7945 873.5945 873.4026 873.191 872.9203 872.6373 872.3414 872.2045 871.7737 871.3391 870.9993 870.8502 870.6406 870.4728 870.188 869.7356 869.7269 869.2456 868.9704 868.9708 868.3854 867.8224 867.2676 866.7761 866.2247 865.8251 865.3696 864.1077 862.6803 862.4622 861.2242 859.6223 859.407 858.9782 858.8497 858.1931 857.5366 856.9498 856.3678 855.9639 855.3449 854.5527 853.625 853.0245 852.2769 852.5291
879.5413 879.2056 878.9052 878.6214 878.4261 877.9166 877.5807 877.2144 876.9599 876.754 876.4384 875.9136 875.7151 875.4194 875.1573 874.7184 874.5475 874.2676 874.0529 873.6977 873.4484 873.2104 872.9261 872.6533 872.4889 872.0557 871.8764 871.4918 871.1769 870.9077 870.8134 870.424 869.9758 869.6235 869.4389 868.988 868.6625 868.457 867.806 867.3554 866.8678 866.4645 865.476 864.7449 864.311 863.5302 862.6993 862.4538 860.6732 860.7142 861.2649 859.6251 859.4233 858.3734 857.491 856.9172 856.5686 855.8209 855.001 854.0686 853.2943 852.7189 852.444
879.7344 879.4827 879.1317 878.7808 878.493 878.1386 877.8387 877.5536 877.2658 876.8822 876.5032 876.246 875.7269 875.5503 875.2975 874.8271 874.4109 874.5012 874.0246 873.8011 873.1786 872.9159 872.9648 872.6509 872.4631 871.9224 871.3539 870.8282 870.908 870.0955 869.5614 869.2292 868.8777 868.6373 868.3348 867.9735 867.4282 867.218 866.686 866.5209 866.2248 865.8829 865.4955 864.7796 864.0137 863.3663 862.8585 862.3081 861.7618 861.0294 861.3838 860.3422 859.7513 859.1469 858.0789 857.4965 857.1282 856.2969 855.363 854.466 853.1968 852.7835 852.4672
879.8572 879.491 879.1253 878.763 878.5106 878.0872 877.6975 877.3079 877.0201 876.7538 876.3683 876.0922 875.6358 875.3978 875.1456 874.7941 874.4752 874.1743 873.8632 873.5023 872.8068 872.4947 872.2831 872.0107 871.3826 870.8833 870.4807 869.6663 869.134 868.6189 868.0515 867.7487 867.4735 867.4899 867.0681 866.6201 866.323 865.79 865.6566 865.1878 865.1046 864.804 864.4955 863.8409 863.3094 862.8463 862.3516 861.7566 861.1951 860.9288 860.2828 859.7305 860.1826 859.0165 858.1113 857.5995 857.071 856.2964 855.5126 854.1498 853.6779 853.1489 852.5258
879.9391 879.5023 879.1514 878.7534 878.4557 877.7241 876.8483 876.4587 876.8652 876.3116 876.0187 875.5975 875.1614 875.0119 874.5502 874.0687 873.887 873.7105 873.194 872.6769 872.1041 871.8804 871.3034 870.7749 870.2318 869.4575 869.0756 868.4027 867.9142 867.235 867.0925 866.7789 866.2509 866.0048 865.4587 865.3264 864.9553 864.7704 864.3317 864.0691 863.6735 863.4835 863.1343 862.8095 862.4677 861.9921 861.4829 860.9996 860.4183 859.9977 859.6132 859.2011 858.7718 858.3254 857.8052 857.4134 856.9785 856.3879 855.5243 853.4206 852.8293 852.5691 852.5334
879.5648 879.5019 879.1185 878.8611 878.3593 877.5031 876.4565 876.4132 876.1077 875.5409 875.3087 874.8365 874.5917 874.1459 873.6481 873.3655 873.0461 872.7318 872.2227 871.8654 871.3945 870.8957 870.1121 869.6821 869.1199 868.381 867.7789 867.2207 866.775 866.3988 866.2402 865.7711 865.328 864.9165 864.3691 864.2232 863.9921 863.7869 863.5168 863.0385 862.7492 862.5336 862.1333 861.7074 861.4257 861.0316 860.55 860.1232 859.6506 859.4339 859.0574 858.5298 858.193 857.8157 857.3707 857.1039 856.459 855.5792 854.3873 852.8208 852.5317 852.5823 852.5677
879.6985 879.4722 878.887 878.4791 878.0371 877.0935 876.1961 875.9551 875.3318 874.8066 874.5704 874.3104 873.9556 873.5951 873.1061 872.5604 872.2092 871.7078 871.3738 871.0939 870.2331 869.9081 869.1687 868.6788 868.1643 867.6046 866.9015 866.3918 865.9875 865.3984 865.0242 864.7632 864.2847 863.9246 863.5271 863.1766 862.8998 862.7794 862.6324 862.209 861.8278 861.4668 861.1713 860.7474 860.4297 860.1003 859.6779 859.2592 858.9479 858.8052 858.4067 858.0362 857.6855 857.2463 856.7674 856.2142 855.6072 854.662 853.6812 852.7631 852.6639 852.6506 852.6646
879.7518 879.1938 878.6363 878.2041 877.481 876.6015 875.9297 875.5021 874.7028 874.1449 873.6318 873.6213 873.1414 872.6954 872.3513 871.6716 871.2261 870.9521 870.5956 869.9711 869.5151 869.0104 868.1846 867.7691 867.3519 866.6906 866.1985 865.5869 865.1063 864.7145 864.2582 863.6685 863.3944 863.078 862.8259 862.6133 862.1218 861.7574 861.5847 861.2565 860.8682 860.704 860.3872 860.1298 859.8299 859.478 859.0317 858.8329 858.5458 858.3184 857.8728 857.6006 857.1606 856.5439 855.9875 855.3707 854.726 853.8273 853.2477 852.9775 852.7766 852.5219 852.8279
879.4163 878.8128 878.0818 877.5858 876.8328 876.145 875.419 874.9339 874.0599 873.2913 872.974 872.7545 872.3668 872.05 871.5387 870.853 870.54 870.0906 869.6823 869.1688 868.6081 868.0433 867.4361 866.8502 866.5021 865.8074 865.5609 864.996 864.6381 864.2657 863.7806 863.1487 862.98 862.6263 862.2527 862.022 861.6309 861.3469 860.8305 860.6104 860.4457 860.1827 859.8553 859.6725 859.362 858.9894 858.7867 858.4828 858.1738 857.7971 857.4128 856.9553 856.3845 855.605 855.2392 854.7681 853.9407 853.0077 852.9246 852.7499 852.782 852.7236 852.8176
878.863 878.2158 877.3915 876.6568 876.1865 875.228 874.4952 874.3957 873.4344 872.6121 872.591 872.058 871.7023 871.2051 870.7089 870.1425 869.888 869.2552 868.7305 868.3037 868.033 867.438 866.785 866.3857 865.8369 865.4664 864.9188 864.298 863.9365 863.5641 863.0479 862.871 862.4623 862.5024 862.504 861.6096 861.3085 860.9944 860.5458 860.2532 859.718 859.65 859.4012 859.0835 858.7944 858.561 858.3256 857.4993 857.0724 856.953 856.6986 856.3887 855.6875 854.9492 854.8356 853.9982 853.3253 852.9895 853.3161 852.8045 852.7888 852.8785 852.7943
878.235 877.2845 876.309 875.8381 875.3395 874.7399 873.7239 873.7711 872.9714 872.5442 871.9719 871.3729 871.066 870.4512 870.013 869.5644 869.1334 868.769 868.1286 867.6212 867.2742 866.6229 866.2097 865.618 865.1879 864.7567 864.3654 863.6266 863.2348 862.6973 862.1104 862.0249 861.9353 861.9672 861.8542 861.4474 861.0582 860.8521 860.358 860.0241 859.8455 859.2689 858.8208 858.1786 857.7487 857.614 857.4345 856.7085 856.2183 855.9147 855.8948 855.949 855.6038 854.9709 854.5045 853.6693 853.1846 853.0144 852.8055 852.8738 852.8704 852.6966 852.5962
877.4559 876.4152 875.8492 875.4199 874.969 874.1921 873.293 873.1046 872.5966 871.9698 871.4488 870.8429 870.5688 869.9215 869.7274 869.2971 868.7032 868.1319 867.7834 866.9719 866.6134 866.1618 865.6587 865.142 864.7746 864.3118 863.6453 862.9904 862.3468 861.6696 861.17 860.9844 860.9586 861.2012 861.0172 860.5668 860.3309 860.189 860.2541 859.8389 859.2175 858.5962 858.0521 857.2927 856.7698 856.5474 856.4698 856.0189 855.8052 855.5261 855.353 855.2982 855.2532 855.1374 854.6151 853.4442 853.1667 853.025 852.9041 852.9563 852.9517 852.7238 852.5677
876.8346 875.6959 875.5117 874.8065 874.2332 873.5562 872.4781 872.3085 871.853 871.3069 870.9461 870.4022 869.8881 869.5028 869.1188 868.6584 868.0906 867.5446 867.2582 866.5961 865.9282 865.5541 865.2021 864.7418 864.0374 863.2392 862.8293 862.2075 861.3873 860.8498 860.6494 860.521 860.2012 860.2015 859.8631 859.7288 859.6001 859.3588 859.6424 859.1673 858.5455 857.9389 857.4005 856.6835 856.3555 856.212 856.0211 855.8641 855.6597 855.3818 855.2714 854.9283 854.7586 854.6221 854.0327 853.9703 853.4776 853.2752 853.0023 853.0013 852.9652 852.7964 852.6559
876.3952 875.7243 875.2518 874.4476 873.6435 873.0361 872.3809 871.8368 871.4576 870.8397 870.7375 870.0636 869.582 869.0811 868.6387 868.0994 867.745 867.2908 866.4589 865.7396 865.0829 864.6941 864.3872 863.9105 863.0134 862.496 862.0938 861.6774 861.4141 860.5765 860.6644 860.1954 860.1764 859.9515 859.7773 859.1208 858.7871 858.5878 859.2371 858.8193 858.2079 857.5723 857.1663 856.6276 856.4669 856.2363 856.0822 855.8804 855.6981 855.3669 855.003 854.9836 854.6856 854.3746 854.0284 853.7162 853.7585 853.4595 853.1608 853.0485 853.028 852.9051 852.8404
875.6922 875.1468 874.6815 874.0791 873.3575 872.6044 872.0139 871.5723 871.0806 870.4437 870.1074 869.8531 869.3004 868.8517 868.3659 867.7971 867.1373 866.5822 865.6185 864.8007 864.2377 863.8039 863.5287 863.1259 862.3922 862.0605 861.416 861.1528 860.8896 860.6263 860.3412 860.7228 860.7126 860.4539 860.1952 859.9268 859.2646 858.6812 858.7196 858.4363 857.9149 857.3933 856.8285 856.7053 856.3582 856.2358 855.9937 855.67 855.511 855.4653 855.2319 855.0339 854.7646 854.5726 854.255 853.8768 853.7303 853.5093 853.3239 853.1932 853.106 853.0786 852.9807
874.7507 874.6038 873.9832 873.3808 872.7835 872.0289 871.6157 871.2684 870.6967 870.2268 869.7416 869.4559 868.8958 868.5605 867.991 867.3414 866.6653 866.1302 865.0153 863.8802 863.5567 863.3481 863.1976 862.8727 862.5391 862.3106 861.9904 861.7322 861.6204 861.5875 861.3468 861.1791 861.2489 860.9945 860.7477 860.0255 859.0956 858.9465 858.694 857.9506 857.4427 857.0311 856.7617 856.6805 856.3184 856.1315 855.8875 855.4934 855.3137 855.3352 855.1265 854.9969 854.7038 854.5621 854.3314 854.1295 854.0412 853.821 853.5499 853.3815 853.2532 853.1985 853.1628
874.4694 873.7643 873.2911 872.7037 872.1345 871.5082 871.3551 870.9764 870.3524 869.8975 869.5755 869.3755 868.9656 868.4484 867.4988 866.8982 866.2221 865.78 865.0405 864.2496 863.9073 864.1398 863.9893 863.5907 862.887 862.8842 862.783 862.6625 862.6603 862.5763 862.4936 862.2722 861.8847 861.5587 861.2748 860.2725 859.69 859.2242 858.6512 858.0556 857.4203 856.9662 856.7813 856.5497 856.3732 856.3157 856.2767 856.0266 855.4377 854.8971 855.1226 855.1405 854.8489 854.5783 854.4603 854.4776 854.07 853.9045 853.6446 853.5477 853.4264 853.3385 853.3167
873.9406 873.2218 872.679 872.0093 871.5477 871.2269 870.9835 870.5696 870.1169 869.812 869.4702 869.3075 868.9548 868.5068 867.5837 866.5032 865.8227 865.4298 864.9883 864.8371 864.7831 865.0444 864.7197 864.3087 864.2839 864.2872 863.9233 863.7568 863.6384 863.574 863.5097 863.1772 862.7983 862.3905 861.9318 861.3611 861.1693 860.2322 859.4122 858.8391 857.8843 857.1833 856.9161 856.6473 856.6207 856.7689 856.8865 856.6902 856.0859 855.4454 855.2674 855.4189 855.1197 854.7869 854.4958 854.7079 854.3702 854.1304 853.7348 853.6437 853.6298 853.5959 853.4962
873.4099 872.6769 872.2465 871.9477 871.2856 870.981 870.5656 870.1687 869.9128 869.5732 869.3295 869.2343 868.9347 868.5318 867.7993 866.7189 866.2347 865.9147 865.764 866.0692 865.7312 865.464 865.6823 865.4395 865.205 865.1385 864.959 864.9011 864.6985 864.4639 864.289 864.0418 863.7112 863.2452 862.7755 862.2798 861.7175 861.0962 860.2138 859.5806 858.3484 857.3964 857.2368 856.8799 856.9251 857.2094 857.4937 857.0651 856.6094 856.0953 856.291 855.9744 855.429 855.1245 854.9526 854.9014 855.0349 854.6904 853.9152 853.925 853.8614 853.8162 853.5685
872.9264 872.5703 872.0757 872.0249 871.2756 870.8303 870.3834 869.9852 869.6291 869.3348 869.5573 869.2968 868.9597 868.5568 868.015 867.3522 867.2176 866.9882 867.0078 866.6 866.2802 866.3508 866.5229 866.1854 866.2543 866.2011 865.9987 866.0453 865.8725 865.6248 865.2831 864.7686 864.1786 863.4988 863.0581 862.6174 861.9226 861.2474 860.2653 859.4637 858.4028 857.5284 857.4067 857.7568 858.1062 858.1397 858.1736 857.9221 857.3339 857.2097 857.2043 856.8281 856.3017 855.7136 855.606 855.7601 856.0099 855.3301 854.6995 854.1287 854.0764 854.0793 853.9807
872.7686 872.4589 872.3072 872.0046 871.2364 870.8998 870.27 869.8364 869.6141 869.5888 870.1639 869.7047 869.129 868.8498 868.4188 867.9507 867.9039 867.8018 867.553 867.1313 867.1105 867.269 867.4832 867.4182 867.2845 867.1526 867.0063 867.051 866.6268 866.2235 865.8291 865.3359 864.6315 863.9229 863.2708 862.761 862.2247 860.8432 860.0541 859.1232 858.0974 857.5172 857.6793 858.0247 858.7076 858.9734 858.8564 858.7049 858.2441 857.9974 857.4805 857.6819 857.1837 856.7042 856.5339 856.4765 856.4901 856.1855 855.6239 855.2014 854.7363 854.6333 854.256
872.5636 872.289 872.3829 872.3336 871.6417 870.8909 870.814 870.8408 870.8155 870.7213 870.837 870.0969 869.3796 869.2057 868.9193 868.7073 868.3336 868.1824 868.0358 867.9134 867.9038 867.9952 868.2669 868.3275 868.2095 867.8148 867.9376 867.8755 867.3311 866.8552 866.3794 865.9249 865.2891 864.4177 863.5126 863.076 861.8071 860.5363 859.2529 858.4007 858.3044 858.2634 858.5488 858.8611 859.5602 859.389 859.0956 859.2618 858.9017 858.4368 858.0235 857.7075 857.8919 857.4156 857.2284 857.2875 856.7714 856.513 856.2465 856.5381 856.4094 855.4117 854.7953
872.9163 872.6886 872.7227 872.5432 872.1072 871.4999 871.5903 871.8071 872.0169 871.7686 870.7576 870.0675 869.6931 869.6309 869.4615 869.2921 868.98 869.0723 869.1803 868.9631 868.6777 868.8259 869.0542 869.2236 868.9509 868.4934 868.5212 868.4826 868.0354 867.5075 866.7307 866.0309 865.3239 864.5211 863.613 862.795 861.4434 860.241 859.4814 858.9238 859.3055 859.3638 859.7867 859.851 859.8182 859.5663 859.5722 859.6411 859.3081 859.0923 858.7145 858.177 857.8346 857.8375 857.5138 857.0221 856.7652 856.7789 856.8539 856.7905 857.1531 856.6631 856.3271
873.1931 873.1118 872.9323 872.7529 872.5727 872.2762 872.3666 872.5834 872.4188 871.6547 870.7516 870.1586 870.1569 870.2224 870.125 869.9442 869.9697 869.9705 870.1477 869.9347 869.8246 869.9893 870.1047 869.8483 869.5983 869.1721 868.76 868.1042 867.9946 867.6248 866.8746 865.9271 865.1951 864.3484 863.4996 862.3792 861.1498 860.2744 859.7149 859.8391 860.5049 860.6637 860.719 860.7028 860.5192 860.5403 860.3131 860.31 860.1436 859.8307 859.3135 858.8124 858.4332 858.2211 857.8094 857.3015 856.96 857.1945 857.2588 857.2187 857.2623 856.9206 856.0751
873.7134 873.3839 873.6014 873.3993 873.2778 873.1263 873.1156 873.0652 873.0214 871.9955 871.5167 871.1121 871.3015 871.0793 870.8687 870.7074 870.9954 870.9522 871.1042 871 870.5781 870.5316 870.4484 870.1539 869.671 869.0247 868.3002 868.0215 867.9453 867.7758 867.3541 866.0589 864.726 863.9461 862.8482 862.1991 861.24 861.5164 860.6224 861.4085 861.6541 861.4252 861.6876 861.632 861.7061 861.4523 861.1451 861.1822 861.1215 860.6902 860.3263 860.0217 859.6533 858.2847 858.0554 857.6019 857.535 857.6898 857.6496 857.6095 857.5241 856.8005 856.3661
874.6958 874.4143 874.2327 874.1915 874.2042 874.3074 874.5389 874.5682 874.4219 873.2566 872.8315 872.5201 872.4189 872.1282 871.9635 871.9915 872.0537 872.0278 871.9105 871.8134 871.5087 870.9913 870.3903 870.1949 869.5867 868.9296 868.0342 867.811 867.2413 867.2979 866.7405 865.2784 864.1074 863.4384 862.5453 861.918 862.0499 862.3745 862.4359 862.4919 862.1577 862.4713 862.537 862.82 862.7673 862.4632 862.1708 862.3513 862.162 861.7535 861.0012 860.2489 859.8931 858.9753 857.9828 858.0928 858.1105 858.0224 857.9276 857.8401 857.7719 857.5402 856.4404
875.4364 875.3478 875.1658 874.9246 875.0479 875.2384 875.4962 875.6241 875.2439 874.5123 874.0933 873.568 873.3309 873.3403 873.3496 873.3826 873.0991 872.8776 872.6557 872.1959 871.684 871.3 870.6262 870.0638 869.5349 868.7195 867.95 868.0229 866.8347 866.208 865.5433 864.8121 864.0214 863.7014 863.3274 863.1193 863.2645 863.2283 863.1523 863.3933 863.462 863.5795 863.7216 863.8024 863.71 863.6896 863.47 863.3049 863.1509 862.6874 861.9348 861.1821 860.4294 859.7024 858.9251 858.2872 858.2194 858.2419 858.1579 858.0347 858.0197 858.0152 856.5276
