lh_model.txt
ncols         275
nrows         292
xllcorner     0
yllcorner     0
cellsize      2
NODATA_value  -9999
[rows 224 to 251 of 292, columns 189 to 251 of 275]
869.5536 869.2548 868.944 868.475 870.2544 870.5789 870.8629 871.0676 871.0258 870.7213 870.179 869.5682 869.1563 868.6584 868.2595 867.7333 867.3448 867.1923 866.7151 866.4069 866.158 865.8727 865.5953 865.5097 865.0078 864.6246 864.4176 864.1771 863.8527 863.6892 863.3911 863.0895 862.9016 862.4805 862.4119 862.2208 861.9344 861.7974 861.5232 861.5602 861.1963 860.807 860.3792 860.0245 859.7856 859.5615 859.4398 859.2643 858.9808 858.8623 858.5516 858.373 858.0177 857.6888 857.3353 856.7966 856.6789 856.6599 856.643 856.6672 856.7651 856.962 856.8637
870.0361 869.8848 869.4402 869.2241 870.2233 870.8087 871.0966 871.1786 871.0802 870.6901 870.0588 869.6684 869.1853 868.5667 868.2092 867.7828 867.3549 867.0739 866.7986 866.5124 866.0373 865.8554 865.4615 865.0717 865.0138 864.7104 864.4647 864.2158 863.8936 863.7354 863.382 863.0837 862.9536 862.7113 862.5307 862.2848 862.1119 861.8344 861.6693 861.6106 861.3519 860.9751 860.6702 860.353 860.0944 859.8743 859.7028 859.5287 859.3838 859.1612 858.9218 858.6775 858.338 858.1194 857.7253 857.0228 856.9529 857.0222 856.8323 856.9402 857.0244 857.2084 857.2338
870.4789 870.2505 869.7031 869.298 870.235 870.9919 871.3104 871.2906 871.0933 870.6638 870.0555 869.7111 869.2057 868.6086 868.0671 867.7818 867.4653 867.0116 866.7704 866.5345 866.1134 865.8162 865.5211 865.163 864.9656 864.7346 864.4303 864.231 863.9821 863.7368 863.4725 863.1978 862.9551 862.7973 862.6443 862.4166 862.2433 861.9718 861.8092 861.7723 861.5009 861.1464 860.8248 860.5837 860.3595 860.1031 859.9183 859.694 859.71 859.4389 859.069 858.892 858.5881 858.1356 857.7537 857.3295 857.1002 857.1364 856.8789 857.267 857.2189 857.4415 857.5063
871.1195 870.2256 869.4946 870.1865 870.7473 871.2905 871.5141 871.413 871.2036 870.6156 870.1215 869.748 869.1458 868.6606 868.2775 867.8907 867.4487 867.0677 866.7758 866.5338 866.2331 865.8182 865.4548 865.2499 864.952 864.7768 864.5164 864.204 864.0238 863.6881 863.5844 863.3129 863.0464 862.8682 862.6129 862.5266 862.3452 862.1393 861.9937 861.8487 861.5936 861.3002 860.98 860.7757 860.5568 860.3881 860.1846 859.9661 859.8034 859.6013 859.377 859.1957 858.8719 858.413 857.9667 857.5616 857.3041 857.1426 857.1194 857.1948 857.517 857.9486 857.6661
870.9504 870.0678 869.6505 870.0238 870.7092 871.3536 871.5249 871.3837 871.062 870.5786 870.1232 869.6493 869.2004 868.6685 868.4323 867.9302 867.536 867.0114 866.9245 866.4796 866.2053 865.9381 865.4564 865.3337 865.0157 864.8329 864.5753 864.2146 864.0096 863.7547 863.5925 863.329 862.97 862.974 862.8237 862.5219 862.4069 862.2106 862.1351 861.9801 861.6943 861.4107 861.1064 860.8671 860.715 860.5643 860.444 860.1919 860.0517 859.8369 859.7485 859.4916 859.2095 858.8015 858.5715 858.1437 857.8499 857.2432 857.5598 857.5559 857.7598 857.8899 857.9554
871.2576 870.7437 869.8168 869.4222 870.7698 871.208 871.3576 871.2433 871.0437 870.5549 870.1301 869.6808 869.1017 868.7085 868.2813 867.865 867.5121 867.12 866.9318 866.4957 866.3129 865.937 865.5129 865.377 865.0439 864.9005 864.6293 864.2578 864.0377 863.7601 863.6082 863.3221 863.1862 863.0362 862.8279 862.6964 862.4496 862.3267 862.2434 862.0582 861.8194 861.5034 861.2247 861.1008 860.9144 860.7659 860.5563 860.4025 860.2057 860.0215 859.863 859.7125 859.4673 859.141 858.6849 858.6376 858.3339 857.7927 857.7688 857.8383 857.905 858.0717 858.0379
871.6025 870.938 869.9872 869.1566 869.4175 871.0143 871.172 871.1779 871.0891 870.5284 870.1733 869.6548 869.0499 868.5986 868.3215 867.9536 867.5532 867.2148 866.9573 866.5715 866.4069 866.0065 865.6641 865.4456 865.1345 864.8717 864.615 864.3456 863.9706 863.7364 863.5535 863.3478 863.0313 862.8846 862.8845 862.8582 862.5052 862.3932 862.3512 862.1401 861.9373 861.6104 861.4087 861.3342 861.1252 860.9692 860.7688 860.6523 860.4232 860.1827 860.0508 859.8633 859.6476 859.4264 858.9634 858.6475 858.3223 857.9051 858.1551 858.0692 858.1158 858.0822 858.0118
870.8871 871.5844 871.53 869.9441 868.2446 869.6295 870.9785 871.1337 870.8043 870.465 870.0491 869.5234 869.1404 868.6477 868.322 867.9305 867.5325 867.2057 866.9802 866.647 866.3834 866.0009 865.7125 865.369 865.2826 864.9437 864.5806 864.3385 863.8323 863.7562 863.5931 863.3241 863.1571 862.8997 862.9686 862.9063 862.6372 862.4971 862.441 862.2507 862.0393 861.797 861.6385 861.412 861.2371 861.1267 860.8647 860.7287 860.4528 860.3069 860.1833 859.9524 859.7543 859.4788 859.2335 859.0389 858.6458 858.4858 858.3572 858.2799 858.1661 858.0048 858.0038
870.3181 870.5505 871.4913 870.8378 869.3694 867.9904 869.2443 870.3875 870.4004 870.2951 869.9688 869.6412 869.2645 868.6503 868.2935 867.9321 867.4574 867.1816 866.923 866.6643 866.2254 865.9733 865.7986 865.407 865.2513 864.9759 864.4786 864.2738 863.9068 863.7495 863.5853 863.3005 863.2249 863.1205 863.0999 862.98 862.674 862.5499 862.4099 862.2462 862.0254 861.8276 861.6694 861.4855 861.3224 861.153 860.951 860.8352 860.5289 860.3681 860.1675 860.0134 859.8818 859.415 859.4896 859.1731 858.9272 858.7095 858.4686 858.4706 858.3154 858.0055 857.9656
869.6023 869.4758 870.3113 870.6727 870.8578 868.8256 866.827 868.2138 869.4255 869.9308 870.0316 869.719 869.3719 868.9926 868.2355 867.7645 867.4721 867.164 866.8018 866.6835 866.3132 865.973 865.8895 865.5005 865.271 865.0381 864.5506 864.3401 864.0051 863.8964 863.6678 863.4506 863.329 863.1581 863.168 862.9442 862.8455 862.6005 862.4219 862.3404 862.0514 861.8481 861.7454 861.611 861.4673 861.1754 860.9756 860.8259 860.6348 860.4202 860.2368 859.9017 859.6747 859.5969 859.4977 859.3628 859.2744 859.0977 858.8616 858.6614 858.3409 857.9747 857.6542
869.3034 868.9625 868.8562 869.7482 869.668 869.7765 868.0591 866.0338 866.9672 868.2886 869.1266 869.3861 869.1124 869.0716 868.2204 867.5648 867.3096 867.0391 866.7082 866.5912 866.2045 865.968 865.84 865.483 865.3841 864.972 864.7057 864.3765 864.113 863.9981 863.6959 863.5895 863.3412 863.3887 863.2802 862.9617 862.8811 862.6949 862.5388 862.3605 862.024 861.8921 861.7325 861.5447 861.3646 861.2078 861.0768 860.8057 860.6119 860.4961 860.3226 859.9862 859.925 859.8401 859.7287 859.6752 859.2269 858.8716 858.9109 858.6411 858.3422 858.054 857.6529
868.4861 868.5905 868.3286 868.1091 869.0161 868.7579 869.0497 868.146 865.603 865.8342 866.8371 868.4316 868.3529 868.1816 867.8209 867.2619 867.1085 866.7549 866.4641 866.2564 866.1418 865.9569 865.7009 865.5247 865.2476 865.0038 864.7989 864.3441 864.1324 863.9983 863.7245 863.6915 863.4424 863.5067 863.3857 863.0995 862.9659 862.7851 862.5468 862.2328 862.0875 861.9692 861.7025 861.6077 861.3624 861.194 861.0734 860.9474 860.6673 860.5282 860.3335 860.3484 860.1725 860.0903 860.013 859.8099 859.5024 859.1478 859.0238 858.7218 858.4239 858.1334 857.6827
868.1027 867.6171 867.5418 866.9841 867.2795 867.294 867.6232 868.0753 866.2544 865.994 865.1407 865.0129 864.6766 866.5535 866.898 866.5943 866.6049 866.4119 866.2838 866.0745 865.9677 865.9214 865.6649 865.5786 865.4048 865.0558 864.7836 864.3819 864.251 864.0411 863.8189 863.8559 863.5945 863.5031 863.4196 863.1194 862.964 862.7671 862.5498 862.3126 862.1014 861.9434 861.7314 861.6594 861.4907 861.2816 861.2056 861.0208 860.7671 860.5 860.4542 860.2911 860.2397 860.1877 859.9473 859.7795 859.4438 859.3995 859.2622 858.8112 858.5618 858.1129 857.747
867.7314 866.9995 866.8203 866.4489 866.0432 866.2785 866.0533 866.02 865.8503 865.6248 864.65 864.1572 863.7755 863.4674 863.6543 865.297 865.4478 865.746 865.4442 865.4896 865.7912 865.7668 865.6311 865.5626 865.4427 865.2704 864.8541 864.4878 864.3931 864.1874 863.9626 863.8511 863.685 863.5941 863.3203 863.2326 862.96 862.8259 862.6432 862.3337 862.1571 861.9847 861.8356 861.7957 861.5164 861.4266 861.1402 860.8958 860.7572 860.5302 860.5131 860.5093 860.4129 860.2698 860.0012 859.8367 859.6644 859.5737 859.4695 858.6793 858.4304 857.9949 857.6501
866.9794 866.0883 865.9113 865.6962 865.4423 865.1629 865.0106 865.0825 865.1614 864.8769 864.5375 864.2559 863.7993 863.1708 862.5239 862.2285 863.4645 863.8356 863.9528 864.0792 865.4894 865.57 865.5169 865.5812 865.3154 865.1772 864.9253 864.6191 864.5057 864.2466 864.1198 863.8738 863.7514 863.5621 863.3205 863.2084 862.9868 862.7443 862.6563 862.3408 862.2264 862.0734 861.8956 861.6472 861.5838 861.4317 861.1479 860.8959 860.78 860.5706 860.5292 860.4983 860.3446 860.3793 860.1954 859.9241 859.6873 859.671 859.3379 858.6957 858.5016 857.8511 857.4943
866.2075 865.2658 864.6501 864.8132 864.6012 864.3864 863.7398 863.7904 864.0574 863.7269 863.6716 863.2803 863.5768 863.6041 862.8702 862.2214 861.3337 860.8361 861.6027 862.8976 864.6405 865.0745 865.308 865.2562 865.1675 865.2193 864.8857 864.7627 864.5355 864.3105 864.213 863.9011 863.853 863.641 863.3886 863.2982 863.0454 862.8487 862.592 862.421 862.3084 862.0403 861.9926 861.7939 861.6323 861.5293 861.1692 860.892 860.738 860.6362 860.6125 860.5165 860.1161 860.145 860.2161 860.0179 859.6135 859.5952 859.4393 858.8181 858.5101 857.6611 857.3141
865.7026 865.0013 864.1137 864.3693 864.0162 863.5436 862.5788 863.0422 862.4561 862.5988 863.1856 863.1093 862.6856 863.4514 863.0146 862.3221 862.3364 861.9618 860.4766 860.23 862.3181 864.1598 864.7708 864.9775 865.3455 865.0695 864.8173 864.7491 864.6374 864.4194 864.248 864.0225 863.7878 863.7296 863.5528 863.3022 863.1309 862.9847 862.6898 862.5358 862.2603 862.2797 862.0605 861.85 861.6697 861.5505 861.099 860.8915 860.759 860.7201 860.6334 860.4816 859.9544 860.1519 860.1973 860.0062 859.6113 859.642 859.6091 858.8909 858.2487 857.525 857.1542
864.8562 864.0337 863.9152 863.7291 863.5464 862.9465 862.3097 861.9612 861.9315 861.4844 861.5161 862.5861 862.0463 862.5876 862.2884 862.0436 861.3391 861.7416 861.3745 860.0068 859.9392 861.3272 863.9898 864.2943 864.5717 864.6069 864.6656 864.5634 864.4764 864.428 864.2504 864.0332 863.9636 863.7939 863.6769 863.523 863.3817 863.1135 862.8151 862.5446 862.3641 862.2695 862.1236 861.8868 861.7276 861.3505 861.1811 861.101 860.8237 860.7249 860.6741 860.5352 860.0901 860.314 860.3364 859.947 859.4431 859.5623 859.3086 858.9255 858.098 857.3657 857.0658
863.9438 862.8215 863.1732 862.9462 862.6115 862.123 861.6788 861.4194 861.2614 861.0212 860.976 861.1535 861.4022 861.522 861.3723 860.7241 860.3376 860.1031 859.9227 861.025 859.4815 859.4459 862.1578 863.3943 863.8088 864.1836 864.3756 864.3502 864.396 864.3315 864.2225 864.0411 863.9092 863.752 863.7468 863.5952 863.454 863.1695 862.9462 862.7505 862.4596 862.284 862.1593 861.8724 861.6802 861.3943 861.2197 861.0931 860.9387 860.7435 860.588 860.4584 860.322 860.3449 860.3126 859.9981 859.5653 859.1091 858.9666 858.6489 857.8864 857.2564 856.7183
863.188 862.6022 862.2714 862.0357 861.8183 861.1695 860.7463 860.6414 860.6002 860.4814 860.3542 860.5865 860.3367 860.4965 860.447 859.7351 859.0986 859.1182 859.1903 859.2167 858.7875 857.9901 859.261 861.9861 863.0437 863.2347 863.5358 863.6721 864.0444 863.9893 864.0055 864.0187 863.8935 863.8326 863.7206 863.4964 863.4018 863.1547 862.9242 862.8073 862.4935 862.4048 862.1639 862.0188 861.8613 861.4244 861.3375 861.1212 860.9396 860.7118 860.5065 860.3586 860.3253 860.3189 860.2218 859.9102 859.5603 859.548 859.2664 858.4681 857.7584 857.0308 856.3996
862.2374 861.5648 861.2033 861.1812 860.8101 860.3224 860.2466 859.9842 859.7451 859.7685 859.7606 859.938 859.9282 859.9037 859.65 859.1799 858.589 858.4899 858.3577 858.538 858.4011 858.2264 857.7755 859.8646 862.1121 862.0263 862.4128 862.7079 863.3235 863.6193 863.8712 863.9112 863.8067 863.7388 863.5159 863.4481 863.3708 863.0662 863.0262 862.6746 862.4264 862.3229 862.1076 861.9017 861.7217 861.4626 861.3238 861.0367 860.9636 860.6954 860.3867 860.1843 860.1783 860.1514 859.9469 859.8494 859.5247 859.3019 858.8776 858.262 856.9362 856.5624 855.9819
861.6549 860.9382 860.4953 860.3084 859.8972 859.5266 859.5724 859.389 859.3771 859.3074 859.2393 859.35 859.1715 858.9105 858.6464 858.4136 858.2782 857.9542 857.9404 858.0284 858.0917 857.6461 856.8297 857.6783 858.9171 860.0979 860.9972 861.4747 862.4136 863.1978 863.353 863.3857 863.4979 863.5866 863.383 863.3003 863.218 862.9426 862.9037 862.6823 862.4799 862.2004 861.9999 861.7837 861.5883 861.3784 861.2919 861.0235 860.8462 860.5964 860.3635 860.1169 859.9099 859.937 859.8005 859.7344 859.2657 859.0099 858.4624 857.6424 856.2737 856.0428 855.3676
860.6078 860.2843 859.8268 859.6942 859.4363 859.1491 859.1005 858.9633 859.0135 858.9053 858.6978 858.7004 858.5364 858.4258 858.2048 857.9449 857.8618 857.6077 857.5984 857.7025 857.7195 857.5288 857.0229 856.8782 858.0169 858.7247 859.6591 860.6128 861.6354 862.1495 862.2438 862.3826 862.6375 862.8888 862.903 862.9254 862.915 862.8054 862.6271 862.4188 862.4437 862.0173 861.6279 861.6558 861.4985 861.2641 861.0446 860.8078 860.6365 860.475 860.2745 860.0132 859.695 859.6448 859.223 859.2501 858.9656 858.5784 857.9067 857.1823 856.1154 855.7651 855.1583
859.9988 859.6255 859.379 859.1453 859.022 858.8769 858.8251 858.7365 858.6929 858.5969 858.4768 858.2868 858.1917 858.0723 857.9125 857.6804 857.5745 857.3469 857.3978 857.4261 857.3445 857.3115 856.9535 856.3879 856.9391 857.4915 858.3259 859.6625 860.7476 861.129 861.1866 861.3904 861.6624 861.9993 861.863 862.1767 862.2548 862.3784 862.3787 862.2993 862.2054 862.0139 861.7582 861.5707 861.2717 861.176 860.8194 860.6727 860.4648 860.2389 859.95 859.7064 859.3126 859.1307 859.1372 858.8723 858.4123 858.1268 857.3732 856.7805 856.0574 855.1633 854.8273
859.5955 859.1586 859.0434 858.8102 858.6664 858.6622 858.6657 858.5203 858.426 858.2908 858.2545 858.0471 857.9117 857.8475 857.6874 857.4836 857.3479 857.1716 857.1222 857.0443 857.0308 856.9249 856.7972 856.1265 856.3979 856.77 857.4705 858.6644 859.5924 860.0558 860.457 860.3525 860.5485 860.9675 861.1387 861.035 861.0396 861.2046 861.8353 861.9293 861.7051 861.7341 861.5956 861.2813 860.9451 860.6519 860.2958 860.295 859.8894 859.6616 859.3188 859.1237 858.9051 858.8262 858.8 858.4887 857.5941 857.5587 856.8341 856.3635 855.7477 854.9578 854.4816
859.2624 859.0453 858.8666 858.662 858.6193 858.5491 858.3538 858.2983 858.2204 858.0743 858.0784 857.9037 857.7281 857.5198 857.4752 857.2775 857.0336 856.9949 856.8584 856.7747 856.7819 856.5994 856.6193 856.1406 855.8994 856.2988 856.7787 857.62 858.3776 858.7823 859.7423 859.7072 859.7559 860.1525 860.2495 860.2365 860.2327 860.8103 860.813 860.8956 861.1902 861.2687 861.2596 860.7957 860.4689 860.1176 859.7354 859.7268 859.4423 859.1202 858.7647 858.5848 858.1581 857.9404 858.0198 858.0462 857.1921 857.2488 856.7676 855.9677 855.2052 854.4109 853.7871
859.1284 858.9069 858.8091 858.6591 858.6017 858.4207 858.2227 858.1572 857.999 857.8739 857.8012 857.5818 857.5677 857.3307 857.2287 857.0626 856.8598 856.7867 856.7119 856.5317 856.5692 856.4114 856.3559 856.019 855.687 855.7971 856.3774 856.7485 857.1909 857.9507 858.8768 858.7661 858.6986 858.6257 858.9603 859.188 859.6117 859.7123 859.9636 860.2205 860.4928 860.5366 860.6804 860.3822 860.0641 859.6254 859.3758 859.2828 859.124 858.7967 858.5545 858.2475 857.864 857.4409 857.4307 857.4203 857.1465 856.8907 856.2956 855.5853 854.7809 854.1175 853.5029
859.0159 858.9344 858.7338 858.5389 858.5428 858.3486 858.1976 858.0152 857.7564 857.7561 857.6094 857.5079 857.3565 857.2 857.0096 856.9277 856.752 856.627 856.5409 856.3862 856.3503 856.1588 856.2048 855.7917 855.4656 855.4464 855.645 855.7848 856.4012 856.7961 857.7554 857.6345 857.5135 857.364 858.0656 858.2049 858.3586 858.4887 858.8544 859.2242 859.4822 859.8238 859.7232 859.5544 859.2502 858.8636 858.7015 858.7565 858.6199 858.3179 858.0021 857.7311 857.4216 857.1335 857.0223 856.9894 856.793 856.4535 855.8634 855.153 854.1586 853.5607 853.4079
