lh_model.txt
ncols         275
nrows         292
xllcorner     0
yllcorner     0
cellsize      2
NODATA_value  -9999
[rows 140 to 167 of 292, columns 63 to 125 of 275]
886.8591 887.5101 888.1205 888.7964 889.3044 889.9645 890.5944 890.8998 891.3426 891.7402 892.0958 892.2919 892.4796 892.6954 892.5842 892.4861 892.2891 892.0491 891.9045 891.7005 891.4993 891.26 891.0931 890.9728 890.9042 890.8224 890.6909 890.5168 890.3427 890.1912 890.0729 889.874 889.6752 889.5191 889.3368 889.1171 888.9033 888.7255 888.3162 887.9694 887.6274 887.313 887.0279 886.7032 886.3627 885.9823 885.6092 885.2197 884.7823 884.4202 883.98 883.5275 883.0972 882.6046 882.0354 881.4815 880.9791 880.4332 880.0112 879.5663 879.0432 878.4678 878.2081
886.9453 887.5401 888.3146 889.1065 889.3154 889.887 890.4672 890.9357 891.4064 891.8575 892.1209 892.4107 892.7007 892.9346 892.9527 892.8607 892.6408 892.002 892.4525 892.3127 892.1608 892.0126 891.8027 891.5929 891.4332 891.3755 891.2704 891.1115 890.9708 890.7833 890.5887 890.2354 889.9887 889.9237 889.9139 889.5679 889.1808 888.8868 888.5324 888.1639 887.8257 887.5201 887.1878 886.8235 886.4591 886.0646 885.7931 885.3575 884.9066 884.5197 884.1124 883.5728 883.1248 882.6698 882.2068 881.7153 881.2083 880.7397 880.2903 879.7712 879.2611 878.6976 878.4169
887.1088 887.7618 888.139 888.9034 889.3339 889.9373 890.4587 890.9518 891.4385 891.8691 892.2535 892.5818 892.8115 893.0738 893.1394 893.1797 893.1817 892.7347 892.6535 892.9866 892.8157 892.5474 892.5425 892.3333 892.142 891.995 891.9146 891.7879 891.6472 891.3663 891.3875 891.0299 890.5425 890.3903 890.2601 889.9257 889.5128 889.1381 888.7464 888.363 888.0255 887.6954 887.3272 886.9199 886.5555 886.1468 885.9099 885.4786 884.9686 884.5671 884.1575 883.7076 883.2086 882.7901 882.3242 881.8199 881.3129 880.8697 880.4332 880.0692 879.474 878.9291 878.6213
887.3292 888.0045 888.3151 888.7282 889.3591 890.016 890.5829 891.2151 891.6602 891.9744 892.3094 892.6744 892.9652 893.3356 893.5613 893.5778 893.6807 893.4578 893.1446 893.23 893.3362 893.1569 893.0403 893.0342 892.8388 892.6814 892.4665 892.3801 892.2052 891.9202 891.7782 891.5739 891.1202 890.875 890.5729 890.1901 889.8265 889.4226 888.9531 888.5471 888.1248 887.7869 887.3796 887.0175 886.652 886.2301 885.8373 885.415 885.0016 884.5794 884.1823 884.0198 883.5538 882.9106 882.4279 881.9245 881.436 880.9996 880.5631 880.1224 879.7667 879.1812 878.7983
887.3735 888.0801 888.6113 889.0058 889.6276 890.2615 890.7784 891.2006 891.6502 891.984 892.3823 892.7852 893.1808 893.5491 893.6992 893.8537 894.1345 894.1478 894.0605 894.0945 894.118 893.9391 893.7215 893.4073 893.3535 893.0943 892.6494 892.5934 892.6619 892.5311 892.4503 892.2056 891.6615 891.2686 890.8857 890.5029 890.12 889.7099 889.2091 888.7142 888.2775 887.8679 887.4531 887.0322 886.6417 886.2419 885.8492 885.4066 884.9639 884.5328 884.3115 884.0436 883.5696 882.9263 882.4388 882.029 881.5659 881.1165 880.6475 880.2459 879.9426 879.4918 879.0984
887.6578 888.0863 888.6594 889.2142 889.8455 890.4702 890.8165 891.282 891.7476 892.0424 892.4841 893.0161 893.3335 893.5971 893.8965 894.1564 894.3364 894.4318 894.4896 894.5089 894.5165 894.383 894.3067 894.1315 894.0427 893.5362 893.4936 893.329 893.2845 893.0475 892.9261 892.6349 892.098 891.6307 891.2317 890.8303 890.3983 889.8629 889.3503 888.8701 888.3914 887.941 887.5266 887.1056 886.6618 886.2157 885.793 885.3636 884.9234 884.4893 884.1714 883.8551 883.4364 882.9421 882.3962 882.0394 881.6293 881.1713 880.7036 880.33 879.9598 879.6114 879.2813
887.9991 888.3151 888.7474 889.3572 889.9354 890.493 890.9432 891.3506 891.7897 892.2186 892.6302 893.2473 893.5926 893.8356 894.1972 894.5351 894.7003 894.7761 894.9214 894.9652 895.0022 894.9348 894.8275 894.8214 894.6165 894.3164 894.2347 894.0732 893.811 893.0945 893.1425 892.9106 892.3808 891.9463 891.5232 891.0601 890.4539 889.959 889.4753 888.9811 888.4642 888.0292 887.578 887.1121 886.6478 886.2038 885.7656 885.2859 884.8595 884.4395 884.0536 883.6586 883.203 882.8417 882.3535 881.8967 881.4255 881.0521 880.7368 880.3573 879.905 879.5206 879.0673
887.9216 888.3531 888.8559 889.4608 890.0021 890.5428 891.0468 891.5503 891.9722 892.3218 892.7895 893.1705 893.5939 893.9507 894.3821 894.6896 894.916 895.0837 895.2916 895.3586 895.3904 895.4312 895.3964 895.2798 895.197 894.9742 894.8126 894.6487 894.2763 893.6224 893.4485 893.1397 892.6526 892.2105 891.7368 891.0591 890.5554 890.0558 889.565 889.0807 888.5118 888.0271 887.5356 887.0653 886.6338 886.1465 885.639 885.1703 884.7028 884.2845 883.9037 883.5286 883.0224 882.6799 882.2874 881.8178 881.3452 880.995 880.8032 880.3879 879.8934 879.5024 879.1481
887.8187 888.4598 888.9159 889.524 890.1446 890.5239 890.9965 891.6929 892.1052 892.4719 892.8908 893.2889 893.7361 894.1433 894.4468 894.7902 895.0466 895.3224 895.5733 895.8098 895.7973 895.9188 895.7521 895.6735 895.5464 895.5121 895.2726 895.1113 894.7435 894.3035 893.8486 893.4359 892.894 892.4541 891.8804 891.1073 890.7175 890.1801 889.6663 889.1395 888.6108 888.1142 887.6263 887.1294 886.5727 886.1463 885.6523 885.0957 884.6169 884.1277 883.7325 883.3016 882.994 882.5099 882.144 881.8322 881.213 880.8016 880.5267 880.1153 879.6995 879.4158 879.0145
887.7039 888.368 888.9205 889.3763 890.049 890.5735 891.1181 891.659 892.3007 892.639 892.967 893.3957 893.8414 894.2185 894.5564 894.873 895.3702 895.6754 895.7651 895.9244 896.0958 896.1385 896.0115 896.1276 895.9656 895.8395 895.6505 895.4019 894.9838 894.6262 894.1035 893.7403 892.9852 892.5825 891.8418 891.3273 890.6262 890.0953 889.7878 889.233 888.5531 887.9443 887.496 886.9935 886.4597 886.0287 885.5877 885.0215 884.5443 884.0864 883.5586 883.137 882.7425 882.2386 881.95 881.4896 881.1802 880.6406 880.3921 880.0084 879.5378 879.2556 878.6895
887.6225 888.2784 888.7047 889.3135 890.0035 890.5479 891.0872 891.7277 892.1558 892.622 893.1099 893.4394 893.9022 894.337 894.7665 895.0456 895.4543 895.7654 895.9246 896.0924 896.3137 896.4326 896.4424 896.4238 896.4332 896.266 895.9878 895.6728 895.279 894.9813 894.3116 893.8524 893.0443 892.4197 891.9623 891.3987 890.7434 890.2375 889.6583 888.9418 888.4789 887.8166 887.3401 886.7908 886.2288 885.8268 885.3881 884.949 884.4969 884.0452 883.4107 882.9164 882.3862 881.9582 881.8117 881.2742 881.0001 880.4769 880.0994 879.8633 879.3727 879.2831 878.7554
887.3743 888.0618 888.6527 889.2761 889.9163 890.4896 891.0757 891.5643 892.174 892.6489 893.1581 893.5811 894.049 894.4362 894.7983 895.199 895.5866 895.8005 896.0504 896.308 896.4927 896.647 896.709 896.7234 896.7122 896.4882 896.1896 895.8557 895.5365 895.1705 894.4311 893.8884 893.3759 892.7108 891.8528 891.4744 890.7776 890.196 889.6029 888.8186 888.1839 887.8176 887.1799 886.7742 886.1307 885.595 885.0646 884.6855 884.4328 883.8022 883.2621 882.6814 882.3939 881.8478 881.399 881.0719 880.7719 880.3621 879.9046 879.6958 879.1507 878.9265 878.4554
887.2781 887.8199 888.4215 889.1464 889.764 890.5994 891.0331 891.6332 892.1777 892.6251 893.1255 893.5931 894.0862 894.4752 894.8759 895.222 895.5943 895.8987 896.1826 896.6682 896.8251 896.8528 896.9579 896.9958 896.8899 896.7019 896.3603 896.0069 895.7461 895.198 894.511 894.2297 893.5936 892.5139 891.9408 891.2511 890.7272 890.2042 889.5123 888.863 888.0992 887.6994 887.1268 886.6974 886.0295 885.5896 885.007 884.5142 884.0183 883.4893 883.1458 882.7142 882.2205 881.7659 881.3402 881.0313 880.5775 880.2183 879.7971 879.444 879.0187 878.5294 878.0607
887.0551 887.6731 888.2642 888.9537 889.6736 890.409 890.9453 891.4391 892.1341 892.643 893.112 893.6033 894.2082 894.6053 895.014 895.2543 895.6656 895.9434 896.2686 896.6448 896.7966 896.9079 897.0742 897.1479 897.0355 896.8967 896.6622 896.1574 895.8243 895.2653 894.5015 894.1526 893.4111 892.5917 891.9421 891.3519 890.6844 890.0013 889.2803 888.7238 887.9785 887.437 887.037 886.5889 885.9116 885.4919 885.0076 884.02 884.028 883.5497 883.1291 882.7499 882.1658 881.6742 881.3104 880.8974 880.6019 880.2692 879.8692 879.5555 878.9166 878.2836 877.711
886.9741 887.5906 888.1016 888.7859 889.5216 890.266 890.8242 891.3045 891.9882 892.5425 893.1567 893.6301 894.1355 894.612 894.9871 895.3121 895.6661 896.0232 896.3007 896.6793 896.8707 897.0541 897.2097 897.2783 897.257 897.0016 896.7526 896.3423 895.8967 895.1378 894.7776 893.9842 893.1832 892.6719 891.9392 891.3871 890.7286 889.9993 889.3289 888.7223 888.0734 887.3633 886.6423 886.3395 885.9924 885.5538 885.0697 884.0222 884.0322 883.567 883.1126 882.5162 881.9783 881.6556 881.3013 880.8888 880.532 880.2462 879.8516 879.4035 878.8621 877.4788 876.0976
886.7925 887.4778 887.992 888.6608 889.3452 890.1586 890.6992 891.3162 891.8893 892.5213 893.1713 893.5857 894.002 894.5427 894.9962 895.3342 895.7778 896.072 896.3526 896.6297 896.9117 897.1921 897.3475 897.3878 897.3881 897.1548 896.9761 896.493 895.926 895.3419 894.7173 894.0305 893.1727 892.408 891.8662 891.3907 890.7737 890.1033 889.3596 888.7537 888.1684 887.5198 886.8785 886.4559 885.9412 885.6353 885.0612 884.3043 884.0509 883.5447 883.0923 882.5992 882.269 881.8737 881.466 881.02 880.4442 880.1104 879.7109 879.2515 878.6502 877.0759 875.5016
886.606 887.3304 887.803 888.4948 889.0967 889.7944 890.5027 891.1182 891.7017 892.3145 892.9088 893.4291 893.9297 894.4796 894.9511 895.3549 895.9068 896.1935 896.4099 896.771 897.0139 897.2104 897.4269 897.4636 897.4717 897.2601 897.0606 896.6082 896.0768 895.3329 894.7382 893.9102 893.22 892.5286 891.8112 891.1631 890.5507 889.9322 889.3033 888.6588 888.2394 887.621 887.0905 886.4954 885.9734 885.3678 884.8859 884.4395 883.9073 883.4538 883.0215 882.6324 882.2001 881.7678 881.5913 880.9768 880.5439 880.0848 879.7942 879.3007 878.5997 877.6242 875.7912
886.3492 886.9366 887.6152 888.1384 888.8796 889.5616 890.1846 890.9268 891.5547 892.1567 892.7455 893.2772 893.8948 894.4321 894.8671 895.395 895.9319 896.1733 896.4003 896.7446 897.018 897.2677 897.4996 897.5736 897.6344 897.4442 897.0582 896.6041 896.1418 895.3288 894.593 894.1129 893.3469 892.5827 891.8555 891.1556 890.5576 889.9595 889.2637 888.7611 888.3098 887.567 887.2028 886.5497 886.1163 885.5031 885.0024 884.4943 884.04 883.5776 882.9821 882.6456 882.209 881.7564 881.3743 881.025 880.5925 880.1376 879.8931 879.4796 879.0292 878.0354 876.6868
885.9324 886.5525 887.3995 887.8602 888.6096 889.2651 889.9232 890.6937 891.4876 892.0474 892.4972 893.0869 893.7202 894.271 894.7736 895.231 895.7765 896.16 896.4333 896.7322 897.1035 897.3296 897.5381 897.6256 897.6987 897.5189 897.1404 896.8108 896.2928 895.5208 894.7336 894.1016 893.4374 892.9086 891.9393 891.3146 890.8523 890.2306 889.5731 888.9423 888.3231 887.8588 887.2246 886.6337 886.185 885.4481 885.0378 884.5681 883.9656 883.6768 883.1625 882.6452 882.1933 881.7182 881.4088 880.8759 880.6036 880.1978 879.9064 879.4875 879.0624 878.36 877.1046
885.5057 886.2394 886.8625 887.5551 888.1037 889.1293 889.5823 890.2547 891.043 891.7567 892.403 892.9371 893.5362 894.0981 894.6256 895.2166 895.6743 896.0682 896.444 896.8534 897.1062 897.3898 897.5666 897.7502 897.6789 897.497 897.2109 896.7819 896.236 895.6806 894.8026 894.1182 893.6749 892.9725 892.04 891.6965 890.7172 890.2784 889.7435 888.9963 888.5034 887.7953 887.245 887.0406 886.274 885.6079 885.1583 884.5527 884.0319 883.6681 883.2158 882.7703 882.3464 881.8915 881.4499 880.9846 880.6228 880.2933 879.9794 879.4893 879.0455 878.6105 877.359
884.8668 885.8326 886.5114 887.2315 887.7906 888.537 889.3304 889.9158 890.6492 891.4797 891.9827 892.723 893.3383 893.8875 894.3858 894.9888 895.511 895.9882 896.36 896.7603 897.0599 897.3607 897.5747 897.7607 897.7635 897.5969 897.3157 896.9357 896.3838 895.8116 895.0504 894.463 893.9196 893.0505 892.1544 891.6636 890.8331 890.1896 889.7049 889.0605 888.7963 887.7761 887.2724 886.9645 886.4222 885.6128 885.0701 884.4749 884.0801 883.6853 883.3094 882.8409 882.2612 881.9734 881.61 881.0642 880.5056 880.2714 880.011 879.5052 879.1396 878.518 877.6688
884.5153 885.3232 886.1826 886.9585 887.6827 888.185 889.0114 889.5715 890.1666 890.9852 891.6912 892.3987 893.0685 893.6088 894.2858 894.8905 895.3987 895.9149 896.3095 896.6686 897.0422 897.3608 897.556 897.7326 897.7491 897.7163 897.3828 896.9474 896.4524 895.9418 895.2277 894.5989 893.991 893.1387 892.2424 891.6403 891.0506 890.2865 889.6835 889.3611 888.9659 888.2402 887.5139 886.9299 886.3663 885.7308 885.2461 884.7861 884.2786 883.8538 883.3711 882.8524 882.454 881.9919 881.6533 881.2259 880.9984 880.2716 879.9003 879.5296 878.8741 878.5474 877.692
884.4287 885.0252 885.7899 886.6316 887.5051 887.8548 888.6997 889.339 889.9708 890.735 891.4598 892.1265 892.8633 893.54 894.157 894.7819 895.2843 895.8501 896.2664 896.6818 897.0041 897.3069 897.5981 897.8026 897.7909 897.7984 897.5029 897.0824 896.516 895.9785 895.3576 894.4573 893.7837 893.1425 892.3477 892.0167 891.2128 890.5031 889.9676 889.4899 888.9951 888.2514 887.7413 887.1348 886.5067 885.9066 885.5479 885.1246 884.5988 884.0463 883.647 883.0201 882.5443 882.1479 881.6874 881.3251 880.9332 880.5522 880.1398 879.7126 879.1303 878.7622 878.1175
884.088 884.788 885.487 886.2169 887.009 887.5746 888.3625 889.0352 889.7177 890.4338 891.2582 891.8986 892.505 893.1718 893.9771 894.6155 895.1996 895.6547 896.2592 896.5633 897.0001 897.2897 897.5597 897.733 897.8292 897.8368 897.7048 897.1926 896.6942 896.0844 895.5215 894.725 893.9513 893.1775 892.5386 892.1866 891.6076 890.8099 890.1597 889.5652 888.9575 888.3638 887.9688 887.3905 886.8453 886.1959 885.5469 885.0137 884.6918 884.1468 883.6722 883.2471 882.7272 882.2277 881.8875 881.4937 880.989 880.5923 880.2112 879.8196 879.3121 878.9973 878.7468
884.2441 884.5266 885.2183 886.0064 886.7397 887.5178 888.096 888.8867 889.5338 890.241 891.0265 891.7767 892.4847 893.1599 893.8934 894.4858 895.1041 895.6091 896.1146 896.5074 896.9445 897.4045 897.5436 897.7372 897.8693 897.9412 897.7548 897.3259 896.9318 896.2394 895.7683 895.0399 894.0783 893.2067 892.862 892.3986 891.838 891.0433 890.2623 889.6152 888.9355 888.5108 888.0536 887.7659 887.1346 886.485 885.8134 885.2563 884.7189 884.2404 883.7815 883.3524 882.9059 882.4448 882.0758 881.6852 881.0813 880.7684 880.5466 880.097 879.6743 879.2075 878.7493
884.4747 884.8825 884.9845 885.8464 886.8893 887.2303 888.0792 888.7415 889.4821 890.3211 891.1674 891.9133 892.5228 893.1591 893.697 894.3835 894.9946 895.5894 896.0908 896.5345 896.9766 897.277 897.5168 897.7396 898.094 897.9033 897.877 897.3522 896.6806 896.2289 895.7667 895.2631 894.4574 893.9625 893.2829 892.4049 891.9492 891.2131 890.4454 889.7482 888.9868 888.6018 888.0574 887.6124 887.059 886.4906 886.0038 885.3945 884.914 884.3597 883.8908 883.4454 883.1116 882.6409 882.1714 881.7032 881.3244 880.8718 880.4158 880.0781 879.7244 879.3084 878.9258
884.7881 884.9856 885.5468 886.0975 886.695 887.5412 888.3851 888.975 889.5897 890.3463 891.2813 892.1019 892.3632 893.1586 893.7856 894.4323 895.0963 895.6906 896.0427 896.6107 896.9638 897.2588 897.5903 897.8373 898.0065 897.9791 897.8843 897.4603 896.9232 896.3682 896.1911 895.4743 894.782 894.0292 893.2966 892.5035 891.9942 891.2902 890.5863 889.7937 889.3886 888.7987 888.1404 887.8283 887.5443 886.9984 886.3892 885.7798 885.2138 884.5422 884.1111 883.8313 883.3002 882.892 882.4598 882.0511 881.3159 880.9684 880.5374 880.0891 879.6874 879.3344 879.0591
885.4951 886.0068 886.526 887.3998 887.5118 888.0011 888.6005 889.2719 889.8738 890.4756 891.29 892.2151 892.4488 893.3761 893.9079 894.4619 894.9919 895.5645 896.0175 896.6041 896.9239 897.2808 897.6161 897.8165 898.0546 898.0169 897.9077 897.455 896.8663 896.4694 896.0917 895.6808 894.8608 894.145 893.4182 892.5995 892.1472 891.4557 890.7369 890.0688 889.4981 888.9377 888.3062 887.894 887.4017 886.9219 886.4236 885.8991 885.3746 884.7949 884.2617 883.9449 883.5056 882.9678 882.4516 882.0242 881.5689 881.2358 880.8157 880.3568 879.8979 879.4458 879.27
