lh_model.txt
ncols         275
nrows         292
xllcorner     0
yllcorner     0
cellsize      2
NODATA_value  -9999
[rows 252 to 279 of 292, columns 189 to 251 of 275]
858.9372 858.8498 858.709 858.7729 858.6271 858.3323 858.0911 857.7071 857.5725 857.563 857.4056 857.2632 857.2932 857.02 856.8661 856.7579 856.5532 856.4858 856.316 856.3049 856.0868 856.014 855.8794 855.6899 855.375 855.285 855.3096 855.7818 855.9308 855.8996 856.6341 856.5132 856.551 856.4006 856.825 857.1721 857.4983 857.7372 857.7586 857.492 858.0344 858.1251 858.3311 858.3777 858.1437 858.1386 857.9252 857.9106 857.8139 857.7722 857.3013 857.0532 856.9748 856.9365 856.8217 856.769 856.4302 856.058 855.469 854.8447 853.8397 853.3517 853.5731
858.8524 858.7866 858.6413 858.554 858.4696 858.1835 858.0901 857.5714 857.4931 857.4255 857.2535 857.1124 856.9681 856.7772 856.6332 856.5182 856.4432 856.3492 856.137 856.1441 855.9052 855.8449 855.7798 855.4159 855.2634 855.1308 855.0722 855.2346 855.4026 855.7205 855.9593 856.0967 856.21 855.9567 856.3395 856.5607 856.3801 856.1738 855.9958 856.0748 856.1194 856.3188 856.4909 856.8986 857.1544 856.8955 856.8858 856.8515 856.9198 857.1271 856.9241 856.679 856.684 856.2595 856.5297 856.2593 856.0822 855.6187 855.0809 854.3568 853.3539 853.4288 853.6127
858.7927 858.6375 858.551 858.4728 858.2882 858.0944 857.8738 857.4299 857.3701 857.258 857.1262 857.0644 856.736 856.6672 856.5615 856.3925 856.3407 856.227 855.9579 855.9633 855.797 855.7221 855.6391 855.3566 855.0511 855.0014 854.9149 854.9709 854.9586 855.1428 855.5159 855.5969 855.642 855.3676 855.4476 855.3743 855.1555 854.9671 855.0819 855.1475 854.8668 855.0016 855.2069 855.0378 855.046 855.4396 855.56 855.7542 856.2029 856.3483 856.2919 856.2222 855.8601 855.9124 856.1034 855.9087 855.6379 855.0614 854.6506 853.4423 853.3377 853.4583 853.507
858.8644 858.6782 858.4737 858.383 858.2059 857.978 857.4578 857.2629 857.2394 857.1071 857.0486 856.9464 856.7099 856.4943 856.3573 856.2337 856.2347 856.1176 855.9847 855.7961 855.6691 855.6219 855.3741 855.205 854.9446 854.7714 854.7417 854.7033 854.7795 854.7678 854.9241 855.0457 855.0485 855.1957 855.2015 855.0576 854.9902 854.8215 854.7305 854.6487 854.444 854.6323 854.6547 854.3756 854.3472 854.7269 854.7607 854.9961 855.2811 855.4537 855.4686 855.5412 855.6241 855.5953 855.6654 855.4827 855.1185 854.6848 854.2491 853.5248 853.2621 853.4556 853.3965
858.8328 858.6602 858.3026 857.8831 857.8369 857.608 857.3643 857.2717 857.159 856.9633 856.9009 856.8193 856.6086 856.4203 856.132 855.9331 855.9454 855.8153 855.8027 855.499 855.55 855.5093 855.283 855.1801 854.86 854.6646 854.5302 854.549 854.6762 854.6286 854.7926 854.8087 854.6336 854.8789 854.8168 854.8321 854.7643 854.4136 854.2317 854.1519 854.1113 854.2629 854.1038 853.9155 853.6394 853.8183 853.7069 853.9875 854.2134 854.3876 854.5262 854.8702 855.0542 855.063 855.1317 854.9526 854.7022 854.1893 853.7129 853.2276 853.26 853.2765 853.1929
859.058 858.8341 858.7822 858.4459 858.1458 857.8996 857.6646 857.294 856.9742 856.7931 856.8033 856.6421 856.5367 856.4343 856.0405 855.8494 855.6347 855.5801 855.6874 855.4099 855.4297 855.3118 855.1153 855.0416 854.7258 854.5074 854.3942 854.3253 854.315 854.4072 854.7178 854.6094 854.4723 854.4448 854.4734 854.4388 854.3806 854.0345 853.7895 853.657 853.6507 853.87 853.6616 853.4553 853.2155 853.1318 853.2052 853.5081 853.8463 853.8901 854.0123 854.3724 854.2683 854.2277 854.1605 854.246 854.1026 853.6792 853.2936 853.1172 853.1534 853.1082 853.2429
859.8118 859.3612 859.2821 859.149 858.9958 858.8425 858.6027 858.6945 857.3847 856.7897 856.9003 856.2949 856.2502 856.0756 855.8716 855.824 855.4835 855.2651 855.3392 855.2929 855.2546 855.1706 854.9424 854.8907 854.5623 854.4382 854.2421 854.1157 854.05 854.0572 854.2671 854.2488 854.3369 854.1831 854.2054 854.2035 854.0975 853.6762 853.5134 853.4719 853.3416 853.2431 853.2314 853.1279 853.0644 852.9497 853.0682 853.2602 853.3109 853.4028 853.4623 853.7626 853.5966 853.2866 852.849 853.3184 853.2714 853.3101 853.0525 853.0287 852.9529 852.9993 853.0829
861.4472 860.7507 860.7007 860.6 860.4468 860.166 859.8678 859.7722 858.8102 858.1512 857.9864 857.1302 856.2645 855.8328 855.7256 855.5966 855.4164 855.1212 855.019 855.0117 855.1054 855.0065 854.7805 854.5128 854.4285 854.345 854.2051 853.975 853.9227 853.907 854.004 853.9407 853.9711 853.9867 853.9293 853.9197 853.9249 853.5361 853.372 853.1978 853.0901 852.9868 852.9428 852.9246 852.8665 852.7451 852.8231 852.9685 852.7756 852.9795 852.9597 853.0916 852.9248 852.6879 852.7935 852.8283 852.8784 853.0381 852.8837 852.8173 852.7662 852.8002 853.0877
863.0515 863.0806 862.414 862.0472 861.7863 861.6432 861.492 861.3005 860.445 859.5466 859.0745 858.2645 857.2977 856.7012 856.4346 856.3942 855.6202 855.2176 854.8035 854.9366 854.7549 854.6949 854.6049 854.4934 854.488 854.3502 854.0977 853.9639 853.7998 853.6493 853.8211 853.7536 853.7635 853.6818 853.6808 853.731 853.6571 853.4423 853.1786 853.0364 852.8427 852.7641 852.7625 852.7198 852.8622 852.6592 852.6428 852.606 852.4799 852.4694 852.4647 852.446 852.4339 852.5052 852.569 852.6252 852.7097 852.8377 852.7469 852.6442 852.4397 852.4677 852.6135
864.7462 864.7361 864.085 863.9743 863.6135 863.4705 863.2881 863.1009 862.3157 861.3504 860.2114 859.3947 858.3067 857.6372 857.6449 857.4422 856.1843 855.6058 855.2628 855.2917 854.8303 854.6474 854.6486 854.4911 854.4687 854.3083 853.9739 853.8638 853.632 853.4704 853.5287 853.5991 853.6629 853.519 853.5535 853.5175 853.5139 853.1994 852.9679 852.9702 852.7397 852.5937 852.5471 852.4386 852.524 852.1997 852.4847 852.4519 852.3543 852.4824 852.3057 852.251 852.2603 852.2988 852.4016 852.4884 852.5611 852.5398 852.5099 852.4606 852.1472 852.2088 852.2441
866.4408 866.3916 865.813 866.0858 865.8345 865.4026 865.2173 865.032 864.4364 863.6144 862.4225 861.6543 860.627 859.2374 858.9208 858.4884 857.7061 857.2652 856.2549 855.8944 855.4402 854.822 854.6159 854.3983 854.3893 854.1856 853.9285 853.6814 853.5109 853.3053 853.3672 853.4364 853.4994 853.3585 853.2502 853.3452 853.3526 853.0557 852.778 852.7137 852.6244 852.5589 852.4232 852.3961 852.5034 852.0029 852.3928 852.3065 852.243 852.1817 852.1433 852.0566 852.0726 852.1163 852.2547 852.3074 852.3486 852.2943 852.2773 852.1868 851.9258 851.9542 851.9229
868.1461 868.0471 867.605 867.9763 868.2267 867.5983 867.4426 867.0502 866.2669 865.6971 865.2943 864.9125 863.085 861.2842 861.0165 860.4568 859.944 859.2635 858.2532 857.356 856.9001 855.7509 854.5866 854.7997 854.5959 854.0782 853.9764 853.7406 853.2778 853.0754 853.054 853.2042 853.3321 853.3079 853.1736 853.1619 853.2131 852.8603 852.6909 852.5584 852.4496 852.426 852.2683 852.1875 852.2239 852.0935 852.29 852.2192 852.1879 852.1332 852.0852 852.0475 851.9418 851.9878 852.046 852.0182 852.1083 852.0125 851.9952 851.8192 851.7297 851.7094 851.6664
869.7184 869.5909 869.2296 869.3243 868.8468 868.3943 868.0385 867.7691 867.1698 866.3607 865.4639 864.8801 864.4294 863.3311 862.8712 862.3455 862.0235 860.9405 860.1638 859.387 858.7559 857.4584 856.516 855.8227 855.2026 854.6269 854.0549 853.8264 853.2216 852.9814 852.9311 852.993 853.0781 853.2461 853.0969 852.9761 853.1111 852.8036 852.5645 852.4438 852.387 852.3822 852.2956 852.2653 852.2855 852.1927 852.1872 852.1426 852.144 852.1189 852.0766 852.0535 851.9113 851.9652 851.8609 851.9099 851.9341 851.8291 851.8214 851.5672 851.5481 851.5136 851.3124
870.0853 869.8151 869.2331 869.0429 868.7081 868.0771 867.5301 867.2186 867.022 866.3874 865.4969 864.8074 864.4022 864.3246 864.0931 863.7111 863.2691 862.1961 861.4141 860.9506 860.2576 859.166 858.0441 856.4818 856.2864 855.2291 854.7176 854.074 853.3439 852.9131 852.8139 852.8547 852.892 853.1313 853.0294 852.9149 852.7786 852.5809 852.5671 852.4323 852.3404 852.2841 852.2496 852.1097 852.1998 852.1369 852.0897 852.0372 852.0615 852.0061 852.0473 851.8984 851.9106 851.9186 851.7978 851.8196 851.8287 851.7231 851.4603 851.5334 851.4821 851.467 851.1201
869.7281 869.8351 869.1708 868.8766 868.4349 867.6846 866.9645 866.8629 866.2083 865.494 865.2305 864.6157 864.3163 863.8449 863.8212 863.7441 863.3885 863.1198 862.4319 862.1437 861.3437 860.1351 859.4081 857.7237 856.9833 855.817 854.9366 854.1359 853.2661 852.8699 852.7694 852.7743 852.7491 853.0327 852.9517 852.8981 852.6912 852.5693 852.5416 852.3898 852.4135 852.1415 852.0417 852.114 852.0402 852.1736 852.1804 852.0984 851.9737 851.8611 851.9507 851.9112 851.9003 851.875 851.7567 851.8156 851.7419 851.8073 851.8187 851.9551 851.5583 851.2476 851.253
868.1671 867.6294 867.1442 866.7254 866.4316 865.6046 864.9999 864.8597 864.7173 864.6982 864.3338 864.2603 864.1478 863.97 863.4794 863.1071 862.9678 862.68 862.5323 862.0502 861.5045 861.176 860.5519 858.7858 857.6194 856.4531 855.2867 854.4548 854.0938 853.3496 852.8193 852.7225 852.6771 852.8895 852.6769 852.7181 852.6195 852.3681 852.3023 852.2794 852.3546 852.0406 852.0197 852.0122 852.0692 852.0522 852.0378 852.0773 851.9291 851.9415 851.8814 851.9042 851.9451 851.9919 851.9494 851.7657 851.8069 851.8329 851.7646 851.5333 851.1479 851.0823 851.0475
866.2296 866.3926 865.4002 865.4775 864.4722 864.0684 863.688 863.5081 863.5909 863.3532 863.1026 863.0549 862.9409 862.6902 862.8463 862.7366 862.3781 862.4261 861.8339 861.6716 861.4395 860.8655 860.2737 859.6466 858.417 857.1874 855.9578 854.9952 854.7634 853.9181 852.7927 852.6343 852.5931 852.3911 852.2769 852.5726 852.5081 852.4048 852.2037 852.2219 852.1436 852.025 852.0623 851.9893 852.0298 851.9968 851.9522 851.8839 851.8074 851.8177 851.7307 851.7816 851.8066 851.8352 851.7974 851.6138 851.6627 851.6529 851.5136 851.3746 851.3289 851.086 850.8754
864.6711 864.0191 863.5745 863.3534 863.0349 862.9662 862.7242 862.3008 862.2077 862.14 861.908 861.8854 861.7404 861.5714 861.6989 861.6791 861.6155 861.7224 861.6142 861.3444 861.0122 860.544 859.9581 859.387 858.5774 857.36 856.494 856.0846 855.3832 853.9495 852.9509 852.6154 852.5432 852.4763 852.3917 852.397 852.3658 852.4112 852.2189 852.1773 852.0137 851.9453 851.9349 851.9954 852.0475 851.9316 851.8618 851.9179 851.769 851.6707 851.6072 851.6581 851.671 851.6785 851.5988 851.4618 851.5074 851.4786 851.3561 851.2168 851.0793 850.8356 850.8239
863.6058 862.8895 862.5714 862.3179 861.9113 862.0381 861.8127 861.4673 861.4321 861.2769 860.8925 860.9763 860.767 860.8737 860.79 860.7119 860.851 861.0206 861.1597 860.8885 860.4094 860.359 859.668 859.1593 858.743 858.0292 857.3619 857.0651 855.7986 854.2988 852.8701 852.5785 852.4904 852.4617 852.4152 852.2897 852.2627 852.1378 852.13 852.1268 851.9055 851.9006 851.9377 851.9305 852.0692 851.9103 851.8489 851.7098 851.7209 851.5283 851.4838 851.5347 851.5353 851.5219 851.396 851.3127 851.3326 851.3013 851.1985 851.0556 850.9101 850.6715 850.8077
861.2302 861.1948 860.3181 859.7675 859.5069 859.941 859.9761 859.5146 858.8146 858.9239 858.538 858.102 858.4937 859.175 859.5043 860.0688 860.1879 860.173 860.4877 860.4515 860.1135 860.0324 859.5377 859.116 858.6111 857.9391 857.5294 857.0124 856.2256 855.2315 852.9125 852.5013 852.387 852.4031 852.2798 852.0832 852.1403 852.0715 852.0222 852.0833 851.8812 851.9236 851.866 851.9149 851.9468 851.9092 852.0321 851.6791 851.6055 851.5601 851.4634 851.402 851.3998 851.3301 851.1932 851.1666 851.1577 851.1239 851.0399 850.9071 850.9285 850.759 850.7532
858.3544 858.2377 857.939 857.7669 857.5689 857.6029 857.3586 857.2371 857.4456 857.2108 857.2504 857.1451 857.1298 857.4466 857.8221 858.6876 859.4869 859.4547 859.8173 859.8973 859.8133 859.5934 859.3231 858.7518 858.408 857.7853 857.483 856.8363 856.2483 855.3463 853.4483 852.6008 852.2734 852.2775 851.9476 851.9648 852.0574 851.9689 851.9937 851.9379 851.9236 851.9776 851.8449 851.9212 851.902 851.8423 851.783 851.7469 851.6567 851.6291 851.5183 851.5516 851.3847 851.3607 851.2385 851.074 851.0217 850.9571 850.9789 850.9141 850.8384 850.7159 850.7461
857.3151 856.9846 856.856 856.6274 856.6252 856.5014 856.3359 856.3556 856.3925 856.2657 856.3061 856.3057 856.2618 856.5873 856.7217 857.2184 857.5757 857.6286 858.839 858.9813 859.0994 859.0257 858.769 858.572 857.9758 857.5911 857.2498 856.6633 855.7769 854.3055 853.1978 852.6099 852.2213 852.1579 852.008 851.9529 852.0094 851.926 851.9604 851.8698 851.8853 851.8414 851.8596 851.8928 851.8749 851.8113 851.7206 851.623 851.6963 851.6508 851.664 851.4733 851.3521 851.2859 851.1313 851.0934 850.9582 850.856 850.9159 850.7689 850.8336 850.7555 850.7085
856.3707 856.2274 856.224 856.1338 856.1575 856.0408 855.8861 855.9099 855.9054 855.7911 855.8987 855.7741 855.6072 855.739 855.8916 856.154 856.2963 856.3712 856.8581 856.7779 857.0149 858.0311 858.2612 857.9462 857.5914 857.3738 856.9964 856.3278 855.0756 853.3869 852.8033 852.5015 852.2667 852.0447 851.8332 852.0571 851.9528 851.9467 851.86 851.759 851.8597 851.8816 851.8283 851.8524 851.8023 851.6797 851.5593 851.6382 851.6528 851.6781 851.7005 851.6512 851.3133 851.2834 851.1152 851.0887 851.0073 850.9336 850.9079 850.8065 850.8752 850.7866 850.6838
855.9938 855.9226 855.8326 855.7388 855.8417 855.7219 855.5455 855.6177 855.4994 855.4665 855.4633 855.3618 855.3745 855.2364 855.3513 855.4647 855.4086 855.5805 855.6941 855.6992 855.9974 856.3878 857.7815 857.5753 857.2556 856.6302 856.1099 855.4443 854.2443 853.0987 852.7865 852.5026 852.2932 852.1373 851.9619 852.0104 851.925 851.9235 851.7787 851.7394 851.8746 851.8837 851.8668 851.8318 851.7873 851.6567 851.5786 851.5595 851.5895 851.6138 851.6906 851.5406 851.3908 851.211 851.0316 851.0604 850.9351 850.9136 850.7986 850.7739 850.8677 850.7351 850.7017
855.6333 855.6451 855.5533 855.4378 855.4543 855.2942 855.2707 855.2268 855.1447 855.1685 855.1169 855.0151 855.0422 854.8848 854.9844 855.0284 854.8541 854.8001 854.7498 854.8126 855.0469 855.0663 856.8878 856.8579 856.7158 856.5569 855.07 854.3877 853.4937 852.9653 852.7375 852.4152 852.2479 852.3112 852.0685 852.0052 851.939 851.9446 851.8048 851.8215 851.9022 851.8586 851.9224 851.831 851.7977 851.7345 851.5623 851.6298 851.6627 851.6255 851.6515 851.4004 851.4091 851.2276 851.038 850.994 850.8986 850.8802 850.8142 850.7921 850.7972 850.7242 850.7816
855.3745 855.3054 855.1199 855.0779 854.997 854.907 854.9134 854.8256 854.742 854.8234 854.7169 854.6089 854.6889 854.5882 854.5809 854.5769 854.4598 854.5121 854.2919 854.27 854.2971 854.3657 854.4809 854.2617 855.3694 854.3022 853.9463 853.7224 853.2963 852.9383 852.5776 852.3142 852.3013 852.2308 851.9297 851.9216 851.8869 851.9543 851.9033 851.9526 851.8525 851.901 852.0159 851.8875 851.7049 851.6609 851.5717 851.6319 851.6439 851.5528 851.4474 851.427 851.4038 851.1284 851.0917 850.9974 850.8538 850.926 850.8194 850.8399 850.7592 850.7437 850.7704
855.1113 854.9582 854.796 854.735 854.6555 854.5264 854.5715 854.4853 854.4272 854.4875 854.3961 854.2579 854.3417 854.2691 854.3023 854.1353 854.0608 854.0893 853.8906 853.897 853.9263 853.8582 853.9232 853.7566 853.7256 853.6055 853.4305 853.3406 852.9573 852.677 852.4105 852.2415 852.2791 852.0386 851.861 851.7593 851.9413 851.9824 851.8862 851.9063 851.8605 851.9203 851.9209 851.8533 851.7801 851.5994 851.6489 851.5582 851.5024 851.5343 851.4763 851.3961 851.2719 851.1824 851.1057 851.0264 850.9323 850.8222 850.8182 850.8623 850.8241 850.7094 850.7711
854.8873 854.6757 854.5698 854.5443 854.364 854.261 854.3119 854.1973 854.1522 854.058 854.0869 854.0685 853.9301 853.9307 853.972 853.8105 853.8143 853.7377 853.5902 853.659 853.5693 853.5633 853.5226 853.3815 853.3038 853.1345 852.9269 852.6971 852.4592 852.4564 852.2625 852.0825 852.0656 851.8509 851.8287 851.7927 851.868 851.831 851.8375 851.9211 851.8674 851.8915 851.9244 851.9116 851.8586 851.6134 851.6083 851.5357 851.5261 851.4894 851.5016 851.4304 851.2325 851.1201 851.139 851.0003 850.9658 850.8261 850.8038 850.8668 850.7874 850.7436 850.7686
