rootr.txt
ncols         216
nrows         215
xllcorner     0
yllcorner     0
cellsize      3
NODATA_value  -9999
[rows 28 to 55 of 215, columns 64 to 127 of 216]
246.0611 246.5089 246.7822 247.1422 247.4866 247.7933 248.1 248.4111 248.8533 249.2478 249.6478 250.0167 250.3145 250.4856 250.6644 250.9767 251.27 251.5189 251.8 252.0444 252.35 252.62 252.9434 253.2733 253.6289 253.9411 254.2455 254.5356 254.9455 255.2422 255.5933 255.9322 256.2433 256.5256 256.7889 256.9867 257.2411 257.4611 257.6278 257.8011 258.0422 258.2967 258.5455 258.8933 259.2689 259.2933 259.4467 259.69 259.9544 260.3267 260.6744 261.0411 261.3633 261.7578 262.2378 262.58 262.9278 263.3366 263.6578 264.0467 264.3911 264.6478 265.0433 265.16
246.5189 246.9556 247.1989 247.5878 248.0144 248.3022 248.6122 248.8978 249.4256 249.91 250.3178 250.6522 250.9578 251.1256 251.3189 251.5222 251.8211 252.1278 252.4433 252.7056 252.9678 253.2689 253.6111 253.9522 254.2389 254.5389 254.8411 255.1445 255.4678 255.9333 256.3267 256.6756 257.0378 257.31 257.5522 257.7878 257.9733 258.15 258.3633 258.6089 258.9122 259.0844 259.3289 259.7278 260 260.1189 260.2567 260.5834 260.9589 261.2233 261.5577 261.8556 262.2545 262.6956 262.95 263.2489 263.6444 264.06 264.4556 264.8333 265.1622 265.4789 265.79 265.9389
247 247.3489 247.6422 248.0544 248.42 248.7333 249.16 249.5933 250.0155 250.4789 250.8989 251.2578 251.5433 251.7344 251.8989 252.1089 252.4011 252.7145 253.0045 253.28 253.57 253.9089 254.2311 254.5667 254.8489 255.1489 255.28 255.8489 256.2622 256.7089 257.0844 257.4822 257.8256 258.1122 258.3833 258.6522 258.8055 258.9678 259.1644 259.3856 259.6878 259.9355 260.1945 260.5311 260.7656 260.9422 261.1656 261.4978 261.8289 262.2 262.5033 262.7645 263.1233 263.3978 263.7089 264.0489 264.4111 264.8233 265.1211 265.5155 265.8844 266.17 266.4733 266.7722
247.4011 247.7822 248.1944 248.4922 248.8911 249.3644 249.7556 250.1422 250.5067 250.9722 251.4245 251.7667 252.0645 252.3544 252.5056 252.7422 253.0078 253.3544 253.6367 253.9245 254.2033 254.5045 254.8333 255.1533 255.4022 255.7889 255.9722 256.53 257.0255 257.4889 257.8745 258.2611 258.5533 258.8233 259.16 259.48 259.6433 259.7745 260.0311 260.2467 260.5489 260.9323 261.1156 261.2767 261.5133 261.7433 261.9522 262.3522 262.6678 262.9744 263.2344 263.4811 263.7178 264.0389 264.4589 264.8489 265.1456 265.5367 265.8211 266.2367 266.5267 266.8533 267.1578 267.4467
247.9311 248.3144 248.6278 249.0544 249.5556 249.9111 250.2745 250.6655 251.0856 251.49 251.9955 252.3511 252.6767 252.9467 253.1867 253.3811 253.6 253.9078 254.1644 254.4955 254.8389 255.1634 255.4989 255.8 256.15 256.5356 256.9533 257.3556 257.8267 258.2378 258.6078 258.9644 259.2855 259.61 259.8734 260.0922 260.3267 260.51 260.7256 261.0033 261.3278 261.6711 261.85 262.0144 262.2178 262.4567 262.7744 263.0689 263.3789 263.6511 263.9678 264.1289 264.4066 264.7511 265.2033 265.5367 265.8633 266.2955 266.6222 267.0111 267.3556 267.6345 267.9111 268.1711
248.5622 248.8811 249.2778 249.6533 250.0389 250.3967 250.7822 251.2311 251.6678 252.08 252.5622 252.9755 253.33 253.6178 253.8856 254.1022 254.2867 254.49 254.8178 255.1111 255.3956 255.7078 256.1067 256.5311 256.88 257.3022 257.7189 258.1855 258.6166 258.9989 259.45 259.8022 260.02 260.2833 260.5389 260.7411 261.0244 261.1978 261.3911 261.67 262.0444 262.42 262.6067 262.7611 263.0211 263.19 263.7067 263.9522 264.3445 264.5056 264.7022 264.9511 265.2556 265.5056 265.8622 266.28 266.6389 267.0889 267.3656 267.7056 268.0422 268.33 268.6478 268.8822
249.2189 249.5178 249.9011 250.1589 250.5178 250.9211 251.3667 251.7678 252.2045 252.6455 253.0655 253.5489 254.0167 254.29 254.5278 254.7567 254.9511 255.2256 255.5267 255.7578 256.0255 256.34 256.7522 257.1433 257.5056 257.9644 258.4323 258.8733 259.3211 259.68 260.09 260.45 260.5811 260.76 261.0511 261.3878 261.6178 261.86 261.97 262.17 262.6222 262.9811 263.1989 263.4145 263.7755 264.0544 264.4122 264.57 265.0178 265.2967 265.5067 265.75 265.9778 266.2478 266.5789 266.9889 267.2967 267.6778 268.0255 268.3589 268.6822 269.0278 269.3511 269.6067
249.8044 250.0667 250.4055 250.6344 251.0011 251.5155 251.97 252.4022 252.7955 253.2111 253.5667 254.0445 254.4378 254.7444 255.0278 255.3022 255.5156 255.7378 256.02 256.3733 256.6967 256.9278 257.2822 257.6544 258.1022 258.5688 259.0122 259.4089 259.8956 260.31 260.7145 261.0056 261.0722 261.2567 261.6122 261.9922 262.1767 262.2722 262.4389 262.7489 263.1778 263.5267 263.8567 264.2189 264.6622 264.9078 265.0911 265.3055 265.6533 265.9189 266.2411 266.51 266.6878 266.98 267.2867 267.6056 267.9945 268.4011 268.7211 269.0744 269.3978 269.75 270.0722 270.2678
250.3878 250.5667 250.9278 251.1911 251.5345 252.0111 252.5144 252.91 253.3511 253.7634 254.0767 254.4611 254.83 255.1444 255.4644 255.72 255.9522 256.14 256.5067 256.8033 257.1145 257.4456 257.8333 258.1811 258.6389 259.1022 259.4667 259.8956 260.4266 260.83 261.2022 261.5022 261.6422 261.8833 262.2089 262.3622 262.5045 262.6789 262.9567 263.3378 263.6333 263.9567 264.3911 264.99 265.3055 265.6945 265.74 265.9933 266.3177 266.6567 267.0056 267.2144 267.4578 267.7044 267.9289 268.2533 268.6322 269.0478 269.39 269.7222 270.1589 270.5345 270.7533 271.0311
250.9622 251.1844 251.4244 251.71 251.9856 252.4245 252.8589 253.31 253.7267 254.1244 254.5144 254.8089 255.1989 255.59 255.8834 256.1589 256.4378 256.65 256.9222 257.18 257.5078 257.8811 258.2255 258.6589 259.1022 259.5611 259.9956 260.4055 260.8533 261.2455 261.67 261.9311 262.1722 262.3722 262.6211 262.7578 263 263.2744 263.4767 263.8022 264.1378 264.5022 264.9289 265.3933 265.77 266.1022 266.3389 266.6611 266.9967 267.3011 267.6889 267.9056 268.18 268.4022 268.6833 269.0433 269.4133 269.7611 270.1244 270.4822 270.9144 271.2045 271.4756 271.8133
251.5645 251.7656 252.0233 252.2511 252.5489 252.8667 253.2845 253.7233 254.1234 254.7033 255.0467 255.2678 255.6089 255.9833 256.32 256.6211 256.9156 257.1234 257.3389 257.5167 257.8478 258.2244 258.6889 259.12 259.5578 260.0734 260.5322 260.9589 261.3145 261.7222 262.0533 262.3234 262.6145 262.8544 263.09 263.3033 263.6555 264.0656 264.1811 264.4767 264.7956 265.1533 265.5011 265.91 266.3045 266.5989 266.9489 267.2333 267.5722 267.9333 268.2967 268.6056 268.8445 269.1166 269.4267 269.8055 270.1767 270.4911 270.8478 271.2022 271.5722 271.83 272.2078 272.59
252.2356 252.2967 252.5089 252.7389 253.0333 253.4778 253.8722 254.1989 254.6167 255.0256 255.3445 255.7056 256.0444 256.38 256.7845 257.0912 257.3522 257.6566 257.8856 258.0555 258.3333 258.7567 259.2267 259.6533 260.11 260.8311 261.3011 261.5044 261.8122 262.2234 262.7289 262.9156 263.2522 263.67 263.8889 264.0411 264.3978 264.6967 264.8556 265.1767 265.47 265.8322 266.2333 266.6067 266.9133 267.29 267.6333 267.8856 268.1956 268.5677 268.9567 269.29 269.5267 269.7622 270.0756 270.4667 270.79 271.15 271.5144 271.94 272.3389 272.7311 273.0311 273.3145
252.8689 252.8778 253.0755 253.3433 253.5922 253.91 254.2422 254.6611 255.0145 255.3622 255.7522 256.16 256.5189 256.8578 257.1356 257.4733 257.8589 258.2911 258.6444 258.8389 259.0467 259.3956 259.8422 260.2545 260.81 261.42 261.6756 261.9389 262.3278 262.71 263.2455 263.6711 263.9567 264.23 264.5912 264.8067 265.2245 265.6422 265.7345 265.9978 266.29 266.64 266.9745 267.3544 267.6555 267.9578 268.2689 268.5956 268.9311 269.2478 269.5711 269.8811 270.2078 270.4745 270.8144 271.1711 271.4878 271.9456 272.1956 272.5978 273.1089 273.4911 273.8256 274.1011
253.4111 253.4522 253.5822 253.9467 254.2011 254.4544 254.8167 255.1533 255.5078 255.8245 256.1678 256.5145 256.8422 257.2422 257.6467 258.0822 258.6678 259.2155 259.3478 259.5578 259.8855 260.32 260.6267 260.9278 261.5222 261.8911 262.2555 262.6811 263.1344 263.5022 263.9089 264.2478 264.5422 264.9122 265.3078 265.6833 266.1433 266.4278 266.6989 266.8811 267.2078 267.51 267.8378 268.2155 268.4967 268.7689 269.0478 269.3111 269.61 269.8922 270.27 270.6333 270.9745 271.2955 271.5833 271.9378 272.2345 272.56 272.9211 273.4233 273.8278 274.2511 274.62 274.9411
253.9711 254.0256 254.2489 254.4822 254.8244 254.9711 255.2856 255.68 256.0589 256.4133 256.7245 256.9756 257.3177 257.7545 258.2033 258.8755 259.2755 259.3878 259.4211 259.7189 260.1811 260.6044 260.9611 261.2356 261.7622 262.1811 262.5133 262.9278 263.4633 264.0433 264.6078 265.0333 265.3544 265.7378 266.2311 266.7 266.8722 267.1234 267.4989 267.8233 268.1433 268.4156 268.7655 269.1656 269.5089 269.7478 269.9411 270.0911 270.4311 270.7644 271.0911 271.3411 271.6978 272.01 272.3044 272.6344 273.0311 273.26 273.66 274.0933 274.5478 275.0178 275.4644 275.8145
254.5478 254.6378 254.9233 255.1456 255.2533 255.4966 255.8445 256.1589 256.5555 257.0122 257.2744 257.6178 258.0078 258.4855 258.9011 259.3289 259.2967 259.6367 260.3011 260.8122 261.29 261.7166 262.0589 262.2955 262.74 263.2011 263.6456 264.0389 264.4367 264.7389 265.0911 265.4633 265.8344 266.1822 266.5578 267.0167 267.2022 267.4078 267.7622 268.2222 268.7533 269.1634 269.53 269.9756 270.4344 270.5733 270.7322 271.0966 271.41 271.6878 272.0055 272.2555 272.5022 272.7789 273.2289 273.4489 273.7389 273.9845 274.3611 274.7245 275.3244 275.7845 276.2411 276.6656
255.1678 255.2911 255.4967 255.6033 255.7478 256.0078 256.3022 256.6544 257.0677 257.45 257.9511 258.4289 258.9622 259.4722 259.4478 259.5 259.9222 260.9244 261.4389 261.7455 262.0455 262.4411 262.8578 263.2089 263.5367 263.9633 264.4244 264.8533 265.2911 265.72 266.1656 266.5378 266.87 267.2878 267.6567 267.9689 268.2967 268.4411 268.76 269.0178 269.35 269.5822 269.9189 270.3322 270.7489 270.8922 271.1778 271.5578 271.8389 272.1478 272.5911 272.9911 273.3722 273.6922 274.0555 274.2511 274.5034 274.7922 275.4311 275.7922 276.3167 276.7022 277.0911 277.5189
255.7811 255.8277 255.8878 256.0878 256.3389 256.5677 256.8656 257.2489 257.7122 258.1778 258.7511 259.4144 259.7867 259.7767 259.9711 260.7489 261.17 261.7856 262.2367 262.5367 262.8533 263.1933 263.5511 263.9467 264.3422 264.7911 265.2855 265.7056 266.1311 266.47 266.8222 267.2089 267.5711 267.9366 268.2378 268.5677 268.9044 269.2267 269.5677 269.8989 270.3111 270.6911 271.1245 271.4233 271.7289 271.9667 272.2378 272.4844 272.7155 273.0033 273.1633 273.4578 273.7767 274.0956 274.4089 274.6766 274.96 275.3489 275.8156 276.1922 276.5966 277.0433 277.5889 278.1255
256.2522 256.3656 256.4733 256.6644 256.9633 257.1667 257.5189 257.9833 258.4434 258.8666 259.5767 260.08 260.02 260.3811 261.1611 261.6689 262.1756 262.5544 262.9278 263.2733 263.55 263.8833 264.2489 264.66 265.0522 265.5911 266.0322 266.4556 266.9189 267.3267 267.6756 267.9767 268.3222 268.6489 268.9534 269.2623 269.6034 269.9456 270.2445 270.5744 270.99 271.3978 271.8055 272.2022 272.5011 272.7911 273.0722 273.3733 273.7444 274.0645 274.3533 274.6422 274.95 275.2611 275.5211 275.7767 275.9667 276.1589 276.5489 276.9378 277.5045 277.9434 278.25 278.5722
256.9044 257.0344 257.2022 257.3211 257.58 258.0122 258.4145 258.7933 259.2567 259.8922 260.3767 260.3833 260.6167 261.5211 262.0711 262.4978 262.9244 263.2989 263.6444 263.8878 264.3089 264.6 264.9311 265.3778 265.8177 266.2511 266.7478 267.2256 267.7077 268.1466 268.55 268.8567 269.1155 269.3933 269.7422 270.0155 270.3811 270.6689 270.9289 271.2644 271.6511 272.1022 272.48 272.8744 273.2556 273.5178 273.8033 274.0845 274.4711 274.91 275.4022 275.5944 275.99 276.3433 276.6211 276.9111 277.1978 277.4722 277.7878 278.1711 278.6 279.01 279.3789 279.6933
257.5589 257.8066 258.0122 258.1945 258.32 258.7922 259.2645 259.6823 260.3922 260.6633 260.6422 260.9856 261.6344 262.2411 262.7633 263.2189 263.5844 263.9633 264.2856 264.6367 264.9456 265.3 265.5767 265.9633 266.4667 266.9478 267.4489 268.0045 268.5133 268.9955 269.4456 269.7022 269.97 270.2145 270.5411 270.8267 271.0922 271.3767 271.6333 272.0511 272.4689 272.8711 273.2422 273.6945 274.0322 274.2489 274.6234 274.9844 275.3511 275.8434 276.1867 276.5333 276.9456 277.3545 277.6156 277.9 278.1755 278.4489 278.8234 279.2111 279.5511 279.9589 280.2955 280.5756
258.37 258.7111 258.9333 259.1633 259.2711 259.5333 260.0844 260.6811 261.0122 260.9189 261.3522 261.8856 262.3789 262.87 263.4089 263.8511 264.2656 264.5878 264.9256 265.2189 265.5522 265.91 266.2567 266.6767 267.1489 267.6389 268.2022 268.7056 269.2378 269.7578 270.1867 270.5245 270.8544 271.0489 271.2844 271.5311 271.7667 272.04 272.2855 272.6967 273.2022 273.6467 274.0289 274.4689 274.8389 275.2278 275.5878 275.9289 276.4089 276.7989 277.2333 277.6311 277.95 278.3267 278.5922 278.8544 279.1367 279.4845 279.83 280.1722 280.6089 280.8911 281.2322 281.5433
259.3222 259.5878 259.8267 259.9845 260.0744 260.4156 261.0389 261.2689 261.2755 261.6755 262.3234 262.6678 263.0555 263.5 264.0322 264.5433 264.9322 265.2811 265.5633 265.89 266.2689 266.5578 266.8911 267.3189 267.7767 268.2644 268.84 269.3978 269.9323 270.5122 270.9 271.2733 271.6167 271.8489 272.0189 272.2767 272.5055 272.7967 273.1011 273.4767 273.8789 274.2622 274.7778 275.2978 275.6278 276.01 276.4055 276.8122 277.28 277.7222 278.1967 278.6444 278.9733 279.2611 279.5933 279.8745 280.13 280.44 280.8344 281.2389 281.5734 281.8444 282.3445 282.5255
260.24 260.56 260.79 261.0411 261.16 261.2755 261.4189 261.6689 262.19 262.6578 263.0167 263.4211 263.7322 264.1644 264.6945 265.1444 265.5911 265.9522 266.1989 266.5789 266.9489 267.26 267.5578 267.9522 268.4244 268.9589 269.5411 270.1045 270.6211 271.1356 271.5956 271.9522 272.2923 272.61 272.7967 272.9889 273.2033 273.4967 273.8366 274.2222 274.6634 275.1234 275.6811 276.0411 276.3722 276.7633 277.1789 277.6556 278.1466 278.6678 279.1478 279.5389 279.9022 280.2122 280.5967 280.88 281.0855 281.3556 281.7255 282.1555 282.48 282.8734 283.2311 283.5211
261.1667 261.5255 261.8667 262.0033 261.7567 261.6522 262.0656 262.5578 263.1111 263.5355 263.8533 264.1778 264.5444 264.8811 265.4278 265.8256 266.1667 266.51 266.7933 267.1189 267.4622 267.8022 268.1989 268.6356 269.1378 269.6333 270.2511 270.7778 271.2823 271.7833 272.2655 272.6855 273.0455 273.3156 273.57 273.7467 273.9778 274.1878 274.5178 274.9878 275.4333 275.8544 276.2944 276.6844 277.1 277.5889 278.0167 278.5045 279.01 279.5378 280.1033 280.4556 280.8344 281.0866 281.4233 281.7211 281.9667 282.2222 282.63 282.9645 283.3434 283.7789 284.1689 284.4778
262.3844 262.5978 262.5022 262.2967 262.4611 262.7078 263.0578 263.4489 263.7855 264.2878 264.5811 264.8311 265.2211 265.5867 266.0211 266.4289 266.7878 267.1322 267.4255 267.7011 268.0322 268.4078 268.79 269.2922 269.8022 270.2755 270.8111 271.3944 271.9811 272.4389 272.9256 273.34 273.7578 274.03 274.2856 274.4489 274.6667 274.8856 275.2889 275.6656 276.1234 276.5278 276.9755 277.4756 277.8956 278.3545 278.8489 279.3711 279.93 280.4278 280.9455 281.3 281.6255 281.9044 282.1767 282.4933 282.7845 283.1522 283.4945 283.8745 284.2155 284.61 285.0911 285.4033
263.1178 262.9567 263.2211 263.5389 263.7033 263.7611 263.9167 264.24 264.5611 265.0467 265.2622 265.5444 265.95 266.2822 266.6367 267.0767 267.4433 267.78 268.0656 268.3667 268.7722 269.1622 269.5333 269.9356 270.4589 271.03 271.5189 272.0122 272.5833 273.1345 273.5389 273.98 274.3944 274.72 274.9867 275.2211 275.3811 275.6322 276.0055 276.4711 276.9333 277.3544 277.8122 278.28 278.7033 279.2078 279.6522 280.2 280.7311 281.2 281.7166 282.0744 282.3755 282.6089 282.8967 283.2622 283.5567 283.94 284.3456 284.7245 285.0844 285.4622 285.9311 286.2156
263.7778 264.09 264.3889 264.4722 264.5178 264.6278 264.7822 265.0677 265.3767 265.6644 266.0167 266.3122 266.6811 266.9967 267.36 267.7389 268.1389 268.5011 268.8311 269.1844 269.4789 269.7445 270.15 270.6078 271.1389 271.7289 272.2323 272.7511 273.2855 273.78 274.2378 274.6678 275.0467 275.3644 275.7367 275.9878 276.1878 276.4133 276.7822 277.2467 277.6911 278.1645 278.6511 279.1567 279.54 280.0767 280.5767 281.0978 281.59 282.0756 282.5178 282.7967 283.0633 283.2856 283.5489 283.8867 284.2489 284.5778 285.0444 285.5155 285.9333 286.3367 286.7367 287.0844
