rootr.txt
ncols         216
nrows         215
xllcorner     0
yllcorner     0
cellsize      3
NODATA_value  -9999
[rows 84 to 111 of 215, columns 0 to 63 of 216]
283.3111 283.5811 283.92 284.26 284.3833 284.4933 284.5744 284.5778 284.6633 284.6556 284.61 284.6989 284.8 284.69 284.5389 284.3544 284.3122 284.4233 284.3956 284.3944 284.5778 284.6333 284.5155 284.43 284.3778 284.8422 285.2555 285.5155 285.8411 286.0689 286.2267 286.1367 286.2167 286.5144 286.9745 287.3445 287.7467 287.9544 288.1555 288.1767 288.3533 288.5967 288.7811 288.8911 289.04 289.1167 289.2811 289.3534 289.4056 289.3244 289.2466 289.1789 289.1244 288.8966 288.7578 288.5578 288.5145 288.5878 288.6866 288.7767 288.7978 288.7967 288.8188 288.9056
284.2178 284.5033 284.7811 285.1367 285.2989 285.3633 285.4767 285.5577 285.6322 285.6656 285.7545 285.8467 285.9266 285.9189 285.8 285.7633 285.7511 285.83 285.8344 285.8356 285.8789 285.9355 285.9644 285.8422 285.6967 286.0056 286.3667 286.6533 287.0767 287.1978 287.2345 287.2711 287.4389 287.7289 288.2689 288.6111 288.8867 289.1144 289.25 289.4133 289.5544 289.75 289.9078 290.0511 290.2956 290.3177 290.4567 290.5767 290.6489 290.5511 290.4445 290.4111 290.2856 290.0555 289.8133 289.5844 289.5045 289.5311 289.6789 289.7867 289.7856 289.7322 289.7844 289.9178
285.0644 285.3667 285.6589 285.9456 286.1689 286.3967 286.5289 286.6311 286.72 286.8578 286.9422 287.0567 287.1611 287.1344 287.1122 287.0533 287.0856 287.1389 287.2411 287.2622 287.2489 287.27 287.3556 287.2978 287.0244 287.2367 287.6567 288.0144 288.2845 288.5455 288.5055 288.5522 288.7589 289.09 289.57 289.9911 290.1622 290.3356 290.5533 290.6634 290.7244 290.8811 291.0411 291.1923 291.3033 291.4122 291.5178 291.6789 291.7411 291.6778 291.5789 291.5945 291.4156 291.2422 290.9611 290.6744 290.6033 290.6478 290.7933 290.7633 290.8356 290.7767 290.83 290.9389
286.2144 286.5167 286.8122 287.0345 287.2678 287.5444 287.6611 287.7855 287.98 288.1044 288.2267 288.3311 288.3834 288.4556 288.3978 288.4055 288.4767 288.5822 288.6311 288.6956 288.7556 288.7311 288.8389 288.75 288.4289 288.59 289.0456 289.4533 289.6356 289.7867 289.8656 289.9489 290.2678 290.5422 290.8022 291.1789 291.3044 291.5333 291.7578 291.8644 291.92 292.0489 292.2767 292.4066 292.4311 292.5789 292.7 292.7722 292.7878 292.7222 292.5989 292.4989 292.4511 292.3255 292.1078 291.8578 291.7644 291.8389 291.9233 291.8611 291.8944 291.8922 291.9244 291.9945
287.4967 287.7289 288.0145 288.3544 288.5889 288.7956 288.9778 289.1444 289.4 289.4966 289.4811 289.5911 289.6156 289.6411 289.7544 289.7956 289.9033 290.0322 290.0689 290.1356 290.1766 290.23 290.1877 290.1922 289.8778 289.96 290.4622 290.8533 291.0622 291.2089 291.2911 291.4511 291.6489 291.9122 292.1478 292.4055 292.6156 292.77 292.8933 292.9856 293.1411 293.2022 293.4422 293.4645 293.5956 293.7289 293.7633 293.8667 293.8289 293.73 293.6689 293.5566 293.5034 293.4012 293.1722 293.0411 292.9589 292.9589 293.0533 293.0355 292.9745 292.99 293.0744 293.1478
288.6889 288.9422 289.23 289.6144 289.8733 290.1889 290.4144 290.6389 290.8445 290.9389 290.9244 290.9256 291.0411 291.1389 291.17 291.1356 291.2345 291.3333 291.4022 291.5278 291.63 291.5945 291.6022 291.6566 291.4022 291.3656 291.9278 292.3156 292.4856 292.61 292.7245 292.9711 293.0934 293.2844 293.4245 293.7178 293.8689 293.96 293.9844 294.1334 294.2478 294.3466 294.5289 294.6678 294.7278 294.7811 294.8567 294.9545 294.8444 294.7433 294.6956 294.5856 294.5334 294.4556 294.2578 294.2345 294.1844 294.1367 294.1811 294.2167 294.1311 294.1634 294.1634 294.1989
289.9044 290.1956 290.5622 290.8911 291.1611 291.4722 291.6956 291.9745 292.14 292.2155 292.2589 292.3311 292.4666 292.5111 292.5778 292.5889 292.6444 292.6844 292.82 292.8834 292.9822 293.0033 293.1189 293.1233 292.7822 292.6911 293.3489 293.73 293.8422 293.9278 294.1033 294.3578 294.5055 294.5733 294.54 294.8656 295.0433 295.1922 295.29 295.3345 295.3133 295.3922 295.4767 295.6422 295.7245 295.8544 295.8655 295.9344 295.8744 295.7555 295.6844 295.5989 295.5278 295.4244 295.3145 295.3244 295.31 295.2978 295.3 295.3878 295.3745 295.3344 295.3089 295.2845
291.1833 291.6222 292.0145 292.2722 292.4889 292.7356 292.9878 293.2144 293.32 293.4733 293.57 293.6933 293.74 293.7289 293.8811 294.02 294.0822 294.0767 294.1122 294.1234 294.2378 294.3589 294.51 294.5111 294.18 294.0356 294.6778 295.0278 295.0589 295.2311 295.3234 295.5711 295.7733 295.8489 295.8834 295.9522 296.1611 296.3533 296.43 296.3856 296.4478 296.5067 296.5522 296.6778 296.7745 296.9055 297 296.9422 296.8467 296.8578 296.7089 296.5911 296.67 296.4778 296.3322 296.2823 296.2467 296.1989 296.2478 296.3445 296.4077 296.4333 296.3745 296.3233
292.4456 292.8411 293.22 293.53 293.7944 294.0222 294.1956 294.3845 294.54 294.6867 294.8911 295.0345 295.09 295.1 295.1512 295.3122 295.3133 295.2867 295.3366 295.3256 295.4311 295.5266 295.7044 295.7378 295.4867 295.27 295.7667 296.1933 296.25 296.3434 296.5367 296.7789 296.9355 297.0389 297.1367 297.1756 297.3356 297.4556 297.4433 297.5033 297.5123 297.5811 297.6522 297.72 297.7444 297.8689 297.81 297.8144 297.7745 297.6989 297.5989 297.5322 297.5222 297.3611 297.3133 297.2189 297.1689 297.1333 297.1888 297.2556 297.3922 297.4344 297.4255 297.3489
293.7922 294.1367 294.4467 294.7166 295.0489 295.2533 295.35 295.5589 295.7911 296.0255 296.2711 296.4233 296.4677 296.5033 296.5478 296.54 296.57 296.5889 296.51 296.5544 296.6555 296.6478 296.81 296.8611 296.6578 296.4756 296.7845 297.2333 297.3978 297.5411 297.74 297.9233 298.0522 298.0911 298.1433 298.2133 298.3844 298.5211 298.5467 298.5156 298.53 298.62 298.7234 298.7378 298.7944 298.8633 298.84 298.8322 298.8066 298.6833 298.5078 298.4333 298.3567 298.2767 298.2489 298.22 298.1578 298.1722 298.1766 298.1667 298.2944 298.3867 298.3566 298.3478
294.9356 295.2733 295.5833 295.8378 296.0644 296.4167 296.62 296.7911 297.1744 297.6922 297.7978 297.8611 297.8478 297.8611 297.9355 297.9144 297.8567 297.9333 297.9955 297.96 297.9967 297.9244 298.0189 298.0178 297.8356 297.6322 297.8389 298.3322 298.63 298.8334 299.0167 299.1467 299.2067 299.2178 299.2589 299.2689 299.4389 299.5345 299.5911 299.6533 299.7511 299.8444 299.9122 299.8822 299.8933 299.9456 299.9211 299.9111 299.8589 299.7433 299.5444 299.4066 299.3011 299.2644 299.2322 299.2489 299.1533 299.1444 299.0889 299.06 299.2356 299.3644 299.3633 299.4156
296.0178 296.3589 296.6011 296.8689 297.1133 297.42 297.8344 298.16 298.6278 298.8489 299.1045 299.1711 299.3389 299.3967 299.4323 299.4456 299.3833 299.4144 299.5067 299.5967 299.6144 299.5555 299.5322 299.4211 299.4044 299.1433 299.2145 299.5445 299.9767 300.2444 300.3556 300.2878 300.2789 300.3066 300.3456 300.5067 300.6022 300.63 300.6889 300.8011 300.9822 301.0656 301.0989 301.0934 301.0634 301.0867 301.0411 301.0644 300.9344 300.8578 300.6534 300.4089 300.3578 300.4011 300.3366 300.2156 300.12 300.0589 300.0411 300.1322 300.2545 300.3889 300.4733 300.57
297.07 297.3867 297.7733 298.1 298.5056 298.84 299.3256 299.5289 299.5856 299.9489 300.1956 300.1823 300.2056 300.2644 300.2333 300.2278 300.1989 300.1911 300.1989 300.3045 300.3956 300.3644 300.3444 300.34 300.4767 300.61 301.0389 301.1889 301.5722 301.9278 302.1078 301.87 301.6156 301.53 301.62 301.9789 302.1766 301.9266 301.9833 302.2444 302.5156 302.6811 302.7011 302.6933 302.5211 302.4133 302.2744 302.2622 302.16 302.0344 301.8456 301.6045 301.4122 301.4978 301.4066 301.2456 301.1144 301.0566 301.1089 301.2589 301.4122 301.5178 301.6033 301.7189
298.2533 298.5778 299.11 299.5378 299.8689 300.0089 300.0033 300.0989 300.4578 301.0722 301.4088 301.5256 301.7144 301.8778 302.0245 302.0233 302.0378 302.0967 302.1634 302.1011 302.1811 301.9611 301.6422 301.5189 301.4633 301.5244 301.7155 302.1534 302.7178 303.3911 303.9366 304.0966 303.3833 302.9467 302.9889 303.52 303.85 303.6733 303.5333 303.8611 304.1766 304.2933 304.2389 304.2411 304.0578 303.8333 303.6823 303.6844 303.5678 303.4055 303.23 302.9977 302.76 302.7244 302.6 302.29 302.0367 302.0133 302.2733 302.4655 302.5478 302.5722 302.6311 302.8367
299.6244 299.8167 300.0444 300.21 300.54 301.0878 301.7667 302.1833 302.69 303.1011 303.4111 303.5133 303.7755 303.9711 304.0811 304.1656 304.1356 304.1523 304.13 304.1544 304.11 303.8244 303.5289 303.6556 303.7522 303.64 303.5945 303.6923 304.1933 304.4378 304.6855 304.9578 304.9622 304.9222 304.6633 305.03 305.4911 305.4144 305.4567 305.7289 306.0489 306.0911 305.9611 305.8322 305.5778 305.32 305.0878 305.07 304.9989 304.7311 304.5778 304.4078 304.2655 304.1011 303.9055 303.5145 303.0289 303.1411 303.5 303.7234 303.6989 303.7089 303.8356 304.0045
300.1678 300.62 301.1689 301.8222 302.4833 303.0555 303.6278 304.1967 304.6211 304.9467 305.2556 305.4589 305.8445 306.0933 306.0912 306.0711 306.0922 305.9822 306.0266 306.1144 306.0445 305.6911 305.3389 305.3578 305.4567 305.3355 305.2833 305.4167 306.1911 306.8111 306.9655 306.9389 306.1078 306.1033 306.2722 306.7011 307.4111 307.5866 307.8355 308.1511 308.2278 308.1422 307.7766 307.4922 307.1466 306.7633 306.5734 306.4855 306.3933 306.2055 306.0822 305.9489 305.7322 305.4489 305.1678 304.7644 304.2777 304.4567 304.8655 305.0978 305.0467 305.0478 305.1922 305.3711
301.5789 302.2211 302.8822 303.5178 304.2177 304.8411 305.54 306.1255 306.6378 306.9644 307.1922 307.5 307.8778 308.2778 308.3933 308.2189 307.9689 307.8445 307.9422 307.9467 307.7733 307.5612 307.1967 307.1978 307.2289 307.22 307.1722 307.29 308.0567 308.7567 308.9978 308.9433 308.3989 307.7245 307.6122 307.9166 308.2922 308.56 308.99 309.2955 309.62 309.8911 309.7678 309.1467 308.6322 308.2722 307.9545 307.8811 307.8489 307.8222 307.7522 307.5455 307.2722 306.9244 306.6533 306.1534 305.6844 305.7278 306.1344 306.3611 306.3478 306.4366 306.6411 306.8089
303.4389 303.9533 304.4889 305.1256 305.6733 306.4366 307.2355 307.9756 308.42 308.8766 309.2589 309.4545 309.7455 309.9544 310.1433 310.1367 309.9711 309.8456 309.8055 309.7356 309.64 309.4522 309.2922 309.2211 309.1733 309.1811 309.2389 309.42 309.9944 310.6245 310.8856 310.8055 310.3389 309.7767 309.8145 310.3067 310.7444 310.8511 310.7956 310.8278 310.9111 310.6933 310.6589 310.68 310.3944 309.8533 309.3545 309.1511 309.1789 309.3622 309.5611 309.3978 309.0756 308.5633 308.15 307.6189 307.0611 306.9889 307.3344 307.6422 307.6889 307.8189 307.9689 308.1166
305.1178 305.5711 306.0566 306.6033 307.2055 307.9956 308.8889 309.7845 310.4089 310.8889 311.1933 311.2955 311.35 311.4089 311.5345 311.5911 311.5233 311.5122 311.4955 311.4756 311.4911 311.3666 311.1689 311.1278 311.1367 311.1844 311.2533 311.5278 312.0289 312.7067 312.88 312.7155 312.2922 311.78 311.7211 312.1844 312.5222 312.5934 312.5811 312.8022 312.9933 312.8867 312.1778 311.5078 311.35 311.3811 311.07 310.6667 310.5778 310.7967 311.0634 311.0056 310.7333 310.2656 309.6578 309.0267 308.4178 308.2722 308.5555 308.8822 309.1489 309.24 309.34 309.61
306.7233 307.16 307.4578 308.0367 308.6656 309.5711 310.5744 311.3411 311.9389 312.35 312.6134 312.7667 312.7767 312.7589 312.8077 312.8589 312.9222 312.9966 312.9723 313.0756 313.2455 313.1266 313.0067 312.9989 313.1189 313.2111 313.3367 313.6444 314.1289 314.68 314.77 314.67 314.3167 313.9556 313.7111 313.9211 314.0978 314.1311 314.1511 314.3856 314.5545 314.3723 313.9567 313.4756 312.8445 312.2545 312.1778 312.2822 312.3367 312.5756 312.7578 312.4889 312.2245 311.7233 311.0989 310.4478 309.7767 309.6166 309.8411 310.2255 310.4267 310.5789 310.77 311.0244
308.3722 308.7011 308.9622 309.38 309.9267 310.6844 311.6367 312.4734 313.0933 313.5634 313.8156 313.9811 313.9933 314.0156 314.0278 314.1189 314.2467 314.3589 314.4989 314.6822 314.7411 314.8 314.7155 314.6278 314.7766 314.9689 315.2133 315.5 315.9756 316.4778 316.7478 316.6378 316.2689 315.7878 315.7367 315.8833 316.0067 315.9211 315.8889 315.9978 316.2489 316.1489 315.6511 315.0056 314.5078 314.0878 313.6056 313.2089 313.1989 313.5133 313.9467 313.9533 313.6656 313.1678 312.6711 311.9589 311.3278 311.2178 311.3711 311.7133 311.8322 311.9856 312.1533 312.3833
310.1989 310.3634 310.4211 310.6722 311.14 311.9356 312.8389 313.5489 314.0878 314.53 314.7633 314.8145 314.8878 314.9355 315.0433 315.2167 315.4889 315.7022 315.8645 315.9733 316.0211 316.2233 316.3033 316.3089 316.5033 316.76 317.11 317.4944 317.9034 318.3134 318.4955 318.3811 318.1722 317.7233 317.65 317.7689 317.8722 317.8478 317.9012 318.0333 318.0933 318.0533 317.6034 316.9867 316.4456 316.0789 315.7022 315.4378 315.2245 315.2733 315.3534 315.3489 315.1078 314.5622 313.98 313.4411 313.0178 312.7911 313.0634 313.2845 313.3967 313.5256 313.6311 313.8467
311.5811 311.6656 311.6811 311.8778 312.2556 312.9867 313.7044 314.2789 314.81 315.2867 315.5978 315.71 315.78 315.9078 316.0433 316.2978 316.5822 316.82 317.0978 317.2433 317.3033 317.6989 317.7956 318.1234 318.3789 318.6334 318.98 319.3244 319.7811 320.0667 320.2645 320.2523 319.9333 319.6111 319.4889 319.63 319.7067 319.8156 319.9667 320.0155 320.0422 319.8745 319.5211 319.0644 318.5911 318.1878 317.8367 317.5611 317.3611 317.2322 317.1122 316.96 316.7444 316.23 315.6356 315.2433 314.7567 314.5489 314.7056 314.9711 315.0511 315.09 315.2822 315.5667
312.5744 312.6456 312.5922 312.84 313.2711 313.8234 314.46 314.9456 315.4322 315.8522 316.2789 316.4878 316.6622 316.8011 316.9456 317.3067 317.5689 317.8922 318.1034 318.3133 318.5767 318.8889 319.0433 319.3722 319.6933 320.0133 320.4411 320.7533 321.2578 321.6278 321.9478 321.8744 321.7211 321.4667 321.3967 321.3234 321.4533 321.6033 321.7789 321.8834 321.9567 321.7878 321.5078 321.0478 320.6078 320.32 320.0389 319.7189 319.5656 319.3478 319.1256 318.8867 318.5156 318.0322 317.6634 317.2611 316.7933 316.4889 316.5934 316.7289 316.8878 316.9845 317.1778 317.6111
312.9222 313.0678 313.0467 313.37 313.8756 314.3466 314.8533 315.3822 315.8656 316.2755 316.6322 316.94 317.2089 317.3422 317.5689 317.9055 318.1833 318.5233 318.8055 319.1878 319.4189 319.6234 319.8489 320.2222 320.5711 321.0611 321.5056 321.9034 322.3289 323.0945 323.8177 324.0233 324.0411 323.7089 323.3889 323.2155 323.1911 323.3111 323.4478 323.5967 323.5833 323.4811 323.2422 322.9 322.5433 322.1767 321.9511 321.72 321.5011 321.3989 321.2378 320.8778 320.3544 319.9344 319.5956 319.2055 318.7844 318.49 318.49 318.6611 318.8811 319.0489 319.3411 319.7556
312.9433 313.0378 313.0756 313.3855 313.8689 314.3466 314.8311 315.3322 315.9078 316.3167 316.6466 317.0056 317.36 317.5255 317.7311 318.0922 318.4833 318.7533 319.0989 319.4611 319.7189 320.1144 320.5422 321.07 321.5622 322.1578 322.5033 322.9433 323.4967 324.2922 325.0755 325.7178 325.9111 325.7089 325.4989 325.1144 325.1522 325.1156 325.0867 325.1144 325.0956 324.9889 324.7344 324.42 324.12 323.8411 323.5833 323.4811 323.3867 323.3255 323.2389 322.8745 322.4622 322.0533 321.6045 321.1456 320.83 320.4722 320.4889 320.5589 320.7755 320.9222 321.2856 321.8278
312.3734 312.4811 312.59 312.8589 313.3344 313.8533 314.36 314.8578 315.3311 315.7033 316.0589 316.6756 317.0833 317.29 317.5767 318.0056 318.3844 318.6189 318.92 319.2389 319.6367 320.2222 320.8578 321.7611 322.2833 322.85 323.2133 323.6322 324.1622 324.9733 325.9311 326.7478 327.4978 327.7489 327.5889 327.4211 327.2356 327.0345 326.8511 326.7322 326.5578 326.4656 326.17 325.7989 325.5144 325.3545 325.1989 325.1144 325.0756 324.9911 324.9489 324.8156 324.5789 324.0533 323.5622 323.1511 322.8711 322.6389 322.6134 322.7267 322.9144 323.1167 323.4144 323.8544
311.5522 311.6345 311.7245 312 312.4078 312.8867 313.5356 314.0577 314.5533 314.8522 315.1945 315.5911 316.0656 316.5533 317.01 317.4578 317.7811 318.0822 318.4633 318.8311 319.2755 319.8922 320.6378 321.7633 322.5256 322.9422 323.3467 323.8578 324.4544 325.2767 326.0922 327.2445 328.5878 329.5978 329.7144 329.5145 329.3322 329.1522 329.02 328.9122 328.6134 328.2933 327.8534 327.4567 327.0045 326.8167 326.7367 326.6522 326.5589 326.53 326.4778 326.4733 326.2256 325.7845 325.3745 325.0811 324.9578 324.8667 324.7755 324.8389 324.9411 325.2145 325.5433 325.9033
