rootr.txt
ncols         216
nrows         215
xllcorner     0
yllcorner     0
cellsize      3
NODATA_value  -9999
[rows 168 to 195 of 215, columns 0 to 63 of 216]
255.41 255.6111 255.8745 256.1056 256.3789 256.6789 256.9967 257.3689 257.7111 258.0222 258.3622 258.65 258.87 258.9945 259.0111 258.9323 258.8033 258.6178 258.4411 258.2811 258.1822 258.1044 258.05 258.0056 257.95 257.9111 257.8511 257.7755 257.7367 257.7267 257.7111 257.7311 257.7022 257.6733 257.6278 257.5189 257.4622 257.4533 257.4789 257.5933 257.6756 257.7422 257.8233 257.8967 257.9845 258.0756 258.1611 258.2155 258.2633 258.2811 258.3489 258.4056 258.4855 258.5589 258.68 258.7778 258.93 259.0689 259.2034 259.33 259.4989 259.65 259.8411 259.9967
254.8789 255.1055 255.3489 255.6089 255.9667 256.2822 256.5878 256.9067 257.3156 257.6789 257.9667 258.2511 258.4911 258.6167 258.6222 258.5455 258.3789 258.1611 257.9656 257.8311 257.7289 257.6467 257.5722 257.5356 257.4589 257.3689 257.3089 257.2211 257.1611 257.1411 257.1456 257.1411 257.12 257.0767 257.0389 256.9422 256.8833 256.8878 256.8978 256.9667 257.0367 257.1067 257.2122 257.2845 257.4022 257.4944 257.5522 257.63 257.7111 257.7511 257.7722 257.8311 257.86 257.9445 257.9756 258.0389 258.1922 258.3189 258.5011 258.6644 258.8622 259.0322 259.2356 259.3967
254.3766 254.6356 254.8622 255.1367 255.4567 255.74 256.1133 256.48 256.8444 257.2033 257.5556 257.88 258.1311 258.2622 258.2778 258.1833 258.0311 257.8389 257.6233 257.4244 257.2489 257.1444 257.0156 256.9366 256.8989 256.8222 256.7644 256.6755 256.6133 256.5744 256.5677 256.5345 256.5056 256.4311 256.3956 256.3289 256.2956 256.2845 256.32 256.3944 256.4689 256.5511 256.6378 256.7511 256.8078 256.8666 256.9533 257.0423 257.1044 257.1566 257.1933 257.3 257.3466 257.3944 257.4845 257.5178 257.6334 257.7033 257.8167 257.9856 258.1156 258.3111 258.5289 258.74
253.7967 254.0911 254.3978 254.7 254.9878 255.3433 255.6511 256.0055 256.3833 256.7367 257.0822 257.43 257.6656 257.8456 257.8878 257.8022 257.6522 257.4255 257.18 256.9445 256.7778 256.6478 256.5211 256.4178 256.34 256.2633 256.1911 256.1144 256.0445 256.0178 255.9922 255.9444 255.8889 255.8567 255.7778 255.7111 255.6889 255.6933 255.7333 255.8211 255.9011 255.9878 256.05 256.1422 256.2289 256.2811 256.3511 256.4278 256.4967 256.5433 256.5966 256.67 256.7345 256.8112 256.8867 256.96 257.0522 257.1578 257.2545 257.3867 257.5089 257.6911 257.8911 258.0577
253.2711 253.5467 253.8089 254.1578 254.5222 254.8111 255.1478 255.4955 255.9011 256.3144 256.6766 256.9955 257.2089 257.4089 257.46 257.3944 257.2445 256.9967 256.7545 256.5367 256.32 256.1611 256.0245 255.9289 255.8178 255.7244 255.6389 255.59 255.5311 255.4944 255.4256 255.3844 255.3322 255.2422 255.2033 255.1711 255.1622 255.1467 255.1822 255.2345 255.3255 255.39 255.4822 255.5478 255.6289 255.7133 255.7778 255.8555 255.9144 255.9978 256.0634 256.1166 256.2078 256.2745 256.3444 256.4156 256.4556 256.5511 256.6578 256.7978 256.9511 257.17 257.3378 257.5367
252.8478 253.0945 253.3344 253.6144 253.9144 254.2878 254.6733 255.07 255.4344 255.7944 256.1822 256.5266 256.7411 256.9467 257.0167 256.97 256.8456 256.6611 256.4122 256.16 255.9167 255.7144 255.5511 255.4222 255.2978 255.2155 255.1578 255.0534 254.9822 254.89 254.8011 254.7756 254.7133 254.6255 254.5545 254.51 254.5056 254.5155 254.5444 254.6211 254.7322 254.8167 254.9022 254.9811 255.0633 255.1178 255.1755 255.2545 255.3078 255.3667 255.4922 255.58 255.6422 255.7078 255.7644 255.8344 255.9145 256.0211 256.1311 256.2278 256.38 256.5578 256.7578 256.9323
252.3033 252.6022 252.9156 253.1833 253.5222 253.8133 254.1678 254.5811 254.9833 255.3567 255.6755 256.0022 256.2755 256.4645 256.5744 256.5644 256.4478 256.2689 256.0278 255.7589 255.48 255.24 255.0433 254.9022 254.7944 254.68 254.5333 254.3822 254.2822 254.1789 254.1067 254.0544 254.0011 253.9378 253.8856 253.8378 253.8233 253.8556 253.8844 253.9256 254.01 254.0911 254.1733 254.2622 254.3322 254.4278 254.52 254.5756 254.6578 254.7833 254.9044 255.03 255.0978 255.1644 255.2378 255.2989 255.3445 255.44 255.54 255.6733 255.8322 255.9867 256.1867 256.3878
251.7611 252.0489 252.36 252.6467 252.9955 253.3667 253.7344 254.0856 254.5033 254.9156 255.2556 255.5566 255.7689 255.9533 256.0522 256.0867 256.0333 255.8522 255.5933 255.2833 255.01 254.7522 254.4855 254.2767 254.1555 254.0367 253.9189 253.8156 253.7033 253.5922 253.5134 253.4589 253.4089 253.3145 253.2622 253.2122 253.18 253.2244 253.2622 253.34 253.4311 253.5011 253.5656 253.67 253.7645 253.8267 253.89 253.9322 254.01 254.0767 254.1922 254.2967 254.3767 254.49 254.5878 254.6745 254.7656 254.8622 254.9833 255.1044 255.25 255.4322 255.6467 255.8233
251.2956 251.5578 251.84 252.1322 252.4978 252.8611 253.2667 253.6489 254.0134 254.3622 254.6511 254.8945 255.1678 255.3044 255.41 255.44 255.4222 255.2556 255.0344 254.77 254.47 254.21 253.9978 253.7622 253.6111 253.4467 253.3056 253.1811 253.0522 252.9578 252.8811 252.8355 252.8056 252.7133 252.6611 252.5767 252.5866 252.6144 252.7033 252.7733 252.8567 252.9167 252.9589 253.05 253.1078 253.1911 253.2244 253.3333 253.4411 253.5556 253.6589 253.74 253.7967 253.8678 253.9444 253.9911 254.06 254.1689 254.3211 254.4644 254.63 254.86 255.0644 255.2633
250.7733 251.0944 251.3778 251.65 252.0122 252.3744 252.7934 253.1967 253.5389 253.8389 254.0878 254.2767 254.4511 254.5844 254.6767 254.7445 254.79 254.7122 254.55 254.3033 254.0278 253.7167 253.4633 253.2155 253.04 252.8678 252.6911 252.5367 252.4211 252.3267 252.2333 252.1956 252.1289 252.0389 251.9811 251.9034 251.8856 251.91 252.02 252.1289 252.2122 252.2633 252.3433 252.4444 252.5022 252.5533 252.6367 252.7311 252.8233 252.9133 253.0222 253.1111 253.1855 253.2744 253.3189 253.3755 253.4589 253.5455 253.6255 253.7456 253.9333 254.1389 254.3789 254.5922
250.2967 250.51 250.8289 251.1955 251.54 251.9344 252.3444 252.6989 253 253.2911 253.5089 253.6867 253.8222 253.96 254.0455 254.1055 254.1611 254.1022 253.9733 253.7489 253.4967 253.1867 252.8722 252.6178 252.4278 252.23 252.0956 251.9411 251.83 251.7111 251.6578 251.5955 251.5378 251.48 251.4167 251.3089 251.2778 251.3055 251.38 251.5078 251.5944 251.6 251.6889 251.7389 251.8189 251.92 251.9855 252.0844 252.2211 252.3456 252.4278 252.4944 252.5578 252.6156 252.6678 252.7066 252.7845 252.85 252.9955 253.1555 253.33 253.5055 253.7333 253.8767
249.8933 250.1611 250.3789 250.6722 251.0633 251.4711 251.8044 252.0945 252.3633 252.6411 252.8322 252.9844 253.1133 253.2322 253.3822 253.4789 253.53 253.5256 253.4189 253.2111 252.9678 252.6189 252.3411 252.0811 251.8478 251.6711 251.5411 251.3978 251.2722 251.1545 251.0645 251.0345 250.9378 250.8511 250.7522 250.6367 250.6266 250.6367 250.7211 250.8633 250.9011 250.9578 251.0189 251.0978 251.2044 251.2756 251.3778 251.5211 251.6234 251.7055 251.7856 251.8945 251.9678 252.0456 252.0711 252.1156 252.1589 252.26 252.3822 252.5078 252.6811 252.8567 253.0345 253.2411
249.3989 249.6622 249.9389 250.2222 250.5267 250.8611 251.2533 251.5367 251.7644 251.9622 252.0844 252.2089 252.3356 252.4678 252.5922 252.7345 252.8133 252.8356 252.7478 252.5978 252.4011 252.1222 251.8555 251.53 251.2189 251.0355 250.92 250.7733 250.6445 250.5289 250.4767 250.4167 250.3633 250.2922 250.1811 250.0767 250.0378 250.06 250.1445 250.2611 250.3222 250.3411 250.3666 250.4589 250.5522 250.6189 250.7133 250.84 250.9545 251.0544 251.1589 251.2944 251.36 251.4456 251.4133 251.46 251.4933 251.5933 251.7111 251.8722 252.0711 252.27 252.4322 252.5933
248.8233 249.1022 249.3555 249.6467 249.9778 250.2578 250.5078 250.7567 250.9977 251.2167 251.3833 251.4622 251.5678 251.6622 251.7922 251.86 251.9833 252.0511 252.0045 251.9189 251.7644 251.4944 251.21 250.8989 250.6656 250.4844 250.3589 250.2833 250.1233 250 249.8989 249.8522 249.7733 249.7222 249.6111 249.4911 249.4611 249.47 249.5644 249.6667 249.7167 249.7522 249.79 249.8822 249.9422 250.0311 250.1166 250.2267 250.34 250.4233 250.5178 250.5711 250.6478 250.6934 250.75 250.73 250.77 250.8767 250.9911 251.1289 251.2867 251.4689 251.6622 251.8667
248.2122 248.4578 248.7478 249.0022 249.2822 249.5822 249.8444 250.0356 250.19 250.3267 250.4511 250.5289 250.6722 250.7989 250.97 251.0789 251.2289 251.2967 251.2656 251.1767 251.0378 250.8522 250.5956 250.3667 250.1445 249.94 249.8222 249.7122 249.5911 249.4378 249.33 249.3233 249.2422 249.1522 249.0256 248.9333 248.8878 248.9067 248.9889 249.0445 249.1 249.1234 249.2089 249.2611 249.3633 249.4256 249.5056 249.6367 249.7567 249.8467 249.9444 250.01 250.0633 250.0978 250.0733 250.0678 250.0844 250.1333 250.2767 250.3922 250.5511 250.6978 250.8467 251.0111
247.7044 247.9056 248.1356 248.3734 248.6555 248.89 249.1255 249.3366 249.5434 249.6522 249.73 249.8056 249.8878 250.0067 250.14 250.3111 250.4344 250.5411 250.5811 250.5422 250.4389 250.2689 250.0267 249.8178 249.6056 249.4411 249.3089 249.1622 248.9955 248.8433 248.7478 248.7233 248.65 248.5644 248.4556 248.3422 248.2878 248.3167 248.41 248.4489 248.4822 248.4811 248.5689 248.6755 248.7644 248.8533 248.9411 249.0345 249.1855 249.2578 249.3656 249.4589 249.4744 249.5122 249.5045 249.5145 249.4878 249.52 249.6189 249.7178 249.8211 249.9556 250.1433 250.3033
247.2656 247.4267 247.6189 247.7856 248.0089 248.2378 248.44 248.64 248.8056 248.9611 249.0711 249.1489 249.2389 249.3711 249.5089 249.6555 249.7878 249.8711 249.8911 249.8844 249.7578 249.5978 249.4522 249.2578 249.0755 248.8933 248.7811 248.6645 248.5111 248.3445 248.2311 248.1867 248.1255 248.0233 247.8689 247.7845 247.7478 247.8255 247.8956 247.9389 247.9489 247.9589 248.0533 248.1589 248.2589 248.3067 248.38 248.4678 248.5678 248.6689 248.7845 248.89 248.9211 248.9878 248.9878 248.9711 248.97 249.0045 249.0611 249.1156 249.2189 249.3411 249.4655 249.5755
246.7433 246.8822 247.0189 247.1911 247.3778 247.5733 247.7689 247.9222 248.1178 248.2822 248.3989 248.5178 248.5866 248.7322 248.8689 249.02 249.1378 249.2478 249.28 249.2311 249.1455 248.99 248.83 248.6889 248.5045 248.38 248.2578 248.1311 248.0122 247.8622 247.7278 247.6478 247.5989 247.5322 247.3978 247.3011 247.2456 247.2722 247.3256 247.3644 247.4111 247.4311 247.53 247.6611 247.7523 247.8067 247.8489 247.9456 248.0333 248.1667 248.2267 248.3044 248.3711 248.3822 248.3989 248.3989 248.4122 248.4467 248.5267 248.5767 248.6411 248.7367 248.86 248.9322
246.1411 246.2611 246.44 246.5622 246.7289 246.9244 247.1078 247.2711 247.4489 247.6111 247.7411 247.8544 247.9978 248.12 248.2833 248.4078 248.5134 248.5767 248.6078 248.5645 248.4867 248.4078 248.2556 248.1111 247.99 247.8211 247.7078 247.6111 247.4789 247.3233 247.1822 247.0878 247.0411 246.8933 246.76 246.62 246.5922 246.6278 246.65 246.7178 246.7733 246.8489 246.9578 247.0611 247.1855 247.2456 247.3233 247.41 247.5144 247.6311 247.7233 247.7756 247.8167 247.8245 247.8145 247.7478 247.7222 247.7556 247.8222 247.8933 248.0078 248.1 248.2211 248.3111
245.6077 245.7233 245.8378 245.9522 246.0889 246.2656 246.4367 246.6233 246.7833 246.9611 247.1222 247.2356 247.3678 247.4856 247.6533 247.7634 247.8778 247.9344 247.9678 247.9311 247.8756 247.7967 247.68 247.5733 247.4122 247.2611 247.1555 247.0144 246.8833 246.7533 246.5978 246.5033 246.43 246.31 246.1367 246.0067 245.9944 245.9767 245.9922 246.0167 246.1233 246.1944 246.3056 246.4567 246.5511 246.6067 246.6878 246.7667 246.8956 246.9889 247.0955 247.16 247.2322 247.2533 247.2589 247.2011 247.1233 247.1144 247.1878 247.2178 247.2744 247.3211 247.4489 247.58
245.0645 245.1622 245.2767 245.4033 245.5589 245.69 245.8667 246.0211 246.21 246.3734 246.5311 246.68 246.84 246.9722 247.0967 247.2044 247.3044 247.3311 247.3578 247.3367 247.2689 247.1722 247.08 246.9756 246.8533 246.7611 246.6422 246.5411 246.4067 246.2756 246.0878 245.9589 245.8822 245.7211 245.5322 245.3778 245.3289 245.2989 245.3022 245.3567 245.44 245.5622 245.7189 245.8722 245.9767 246.0378 246.1367 246.1989 246.3133 246.42 246.4822 246.5589 246.6211 246.6378 246.6055 246.5822 246.5722 246.5378 246.5878 246.6178 246.6855 246.7278 246.7989 246.9022
244.5711 244.6555 244.7267 244.8233 244.9767 245.1522 245.3356 245.4778 245.6511 245.8367 246.0045 246.1444 246.2911 246.4055 246.5011 246.5867 246.6633 246.7189 246.6833 246.6722 246.6133 246.5767 246.5144 246.4411 246.3233 246.21 246.0945 245.9977 245.9156 245.7478 245.5944 245.4689 245.3778 245.2311 245.0556 244.8567 244.72 244.6878 244.6755 244.7289 244.8255 244.9611 245.1167 245.2955 245.3856 245.4566 245.5367 245.62 245.7433 245.85 245.9055 246.0067 246.0423 246.0611 246.0333 245.9622 245.9422 245.9644 245.9833 246.0345 246.0733 246.1555 246.25 246.3122
244.0956 244.1511 244.2256 244.3178 244.4011 244.5567 244.7178 244.9089 245.1222 245.2922 245.4645 245.6278 245.7533 245.8711 245.9867 246.0667 246.1211 246.1211 246.0945 246.0767 246.0833 246.0089 245.9189 245.8389 245.73 245.6444 245.5356 245.4756 245.3789 245.2489 245.0767 244.95 244.8667 244.7578 244.5811 244.3211 244.1167 244.0245 244.03 244.0822 244.2045 244.4089 244.5978 244.77 244.8611 244.9433 244.9789 245.0522 245.12 245.1956 245.2778 245.3422 245.4045 245.3922 245.3889 245.3622 245.3589 245.3522 245.3822 245.4022 245.4389 245.5033 245.5822 245.6667
243.5822 243.6289 243.7011 243.8 243.8967 244.0655 244.2144 244.3656 244.5378 244.6989 244.8322 244.98 245.1422 245.2656 245.36 245.4222 245.4622 245.4889 245.46 245.45 245.41 245.3755 245.3211 245.2544 245.1733 245.0678 244.9967 244.9433 244.8466 244.7289 244.5967 244.4822 244.3778 244.2533 244.0333 243.7767 243.5145 243.3722 243.3366 243.4378 243.6611 243.8989 244.1389 244.3111 244.4044 244.4478 244.5011 244.5378 244.6255 244.6667 244.7322 244.7622 244.7622 244.7455 244.72 244.6922 244.6478 244.69 244.7489 244.8133 244.8411 244.9122 244.9489 245.0122
243.02 243.0967 243.1833 243.25 243.3833 243.5167 243.6533 243.7989 243.9722 244.1256 244.2489 244.3945 244.54 244.6367 244.7433 244.8066 244.8189 244.8089 244.8078 244.8155 244.8255 244.7667 244.7189 244.6789 244.6044 244.5356 244.47 244.4533 244.3567 244.2033 244.0544 243.9233 243.8278 243.7122 243.4878 243.2433 242.9756 242.8056 242.7589 242.8778 243.04 243.2722 243.5422 243.7645 243.8656 243.9233 243.9845 244.06 244.1078 244.1378 244.1878 244.2345 244.24 244.2122 244.1367 244.09 244.0511 244.0222 244.0411 244.0955 244.1789 244.2267 244.2956 244.3822
242.5256 242.5622 242.6289 242.7689 242.8944 242.9989 243.1167 243.2222 243.3667 243.4911 243.6411 243.7667 243.9033 244.0355 244.1245 244.1689 244.2033 244.2222 244.1967 244.1889 244.1911 244.1644 244.1389 244.0911 244.0256 243.9644 243.9278 243.9222 243.8211 243.6378 243.4166 243.25 243.1522 243.0322 242.8722 242.61 242.3555 242.1978 242.2089 242.29 242.4344 242.6589 242.8956 243.1233 243.25 243.3378 243.3856 243.4355 243.5011 243.5489 243.5833 243.6222 243.63 243.6044 243.5667 243.4944 243.4478 243.4255 243.4778 243.4733 243.5233 243.5822 243.65 243.7
242.0122 242.07 242.1 242.1878 242.2934 242.4111 242.5733 242.6989 242.8167 242.9444 243.0755 243.2033 243.2989 243.4011 243.4867 243.5567 243.5944 243.6445 243.6278 243.6033 243.6311 243.5911 243.5722 243.5111 243.4478 243.3889 243.32 243.2867 243.1956 243.0422 242.8356 242.6689 242.5522 242.4456 242.2833 242.0589 241.8122 241.6534 241.6144 241.7111 241.8989 242.1333 242.3833 242.5722 242.7155 242.8044 242.8745 242.9011 242.9244 242.9344 242.9456 242.9833 242.9811 242.9545 242.9067 242.8578 242.8233 242.86 242.8811 242.9278 242.9945 243.0611 243.0678 243.1111
241.56 241.5833 241.6367 241.7156 241.7855 241.8544 241.9678 242.0755 242.1889 242.3344 242.49 242.6366 242.7567 242.8711 242.9566 242.9922 243.0145 243.0522 243.0511 243.0489 243.0178 243.0067 242.9467 242.8856 242.8322 242.7889 242.7711 242.7533 242.6567 242.4933 242.3033 242.1033 241.9756 241.8633 241.7078 241.4845 241.2611 241.1055 241.0844 241.1844 241.3633 241.64 241.8945 242.1022 242.2278 242.3255 242.3978 242.4078 242.4222 242.4511 242.4333 242.3933 242.3789 242.3455 242.2922 242.2422 242.26 242.28 242.2911 242.3389 242.4178 242.4644 242.5111 242.54
