rootr.txt
ncols         216
nrows         215
xllcorner     0
yllcorner     0
cellsize      3
NODATA_value  -9999
[rows 140 to 167 of 215, columns 64 to 127 of 216]
288.7811 288.9422 289.14 289.0677 289.1156 289.0222 288.6756 288.29 288.08 287.9445 287.6844 287.4644 287.3833 286.9922 286.6133 286.2245 285.7589 285.4611 285.0989 284.8556 284.59 284.4467 284.3044 284.2189 284.1033 283.73 283.4222 282.91 282.4056 281.9366 281.55 281.2911 280.6333 280.0756 279.6056 279.2533 278.7222 278.3233 278.1011 277.9311 277.7578 277.7233 277.4733 277.3267 277.2256 277.2633 277.4667 277.5911 277.5211 277.6945 277.8044 278.0922 278.2189 278.3222 278.5422 278.8734 279.2555 279.5122 279.9555 280.1133 280.1444 280.1478 280.18 280.3022
287.0667 287.27 287.4822 287.52 287.5689 287.4266 287.1433 286.8211 286.4867 286.36 286.1989 286.0111 285.7778 285.3511 284.95 284.6633 284.4367 284.1111 283.7211 283.3856 283.2945 283.04 283.07 283.0244 282.8511 282.5211 282.1133 281.6734 281.2467 280.6156 280.2489 279.6756 279.1333 278.8922 278.4711 278.0133 277.8666 277.4655 277.2189 277.0522 277.0411 276.9689 276.72 276.5233 276.4789 276.5367 276.6522 276.6622 276.66 276.9456 277.1255 277.3311 277.5345 277.5133 277.8355 278.1022 278.2722 278.4366 278.8422 279.2589 279.48 279.62 279.8456 280.0289
285.6444 285.7955 285.9489 286.04 286.06 285.87 285.7133 285.5222 285.2345 285.01 284.9133 284.7133 284.3811 284.0167 283.7222 283.4111 283.2745 282.8744 282.4433 282.1444 281.9355 281.69 281.5533 281.4167 281.1722 280.8611 280.5089 280.1033 279.7489 279.17 278.8067 278.4433 277.9244 277.7922 277.55 277.1778 276.9022 276.6133 276.4 276.25 276.2533 276.1433 275.9467 275.7733 275.6367 275.7022 275.81 275.91 276.0744 276.2611 276.44 276.5567 276.6667 276.8056 277.0245 277.2567 277.4989 277.8 278.1111 278.4733 278.4667 278.6311 279.0289 279.55
284.21 284.3511 284.5967 284.66 284.6155 284.55 284.3522 284.1978 284.08 283.8722 283.7311 283.55 283.1533 282.8134 282.5322 282.3222 282.04 281.5922 281.1922 280.8711 280.6067 280.2822 280.1667 280.0822 279.8011 279.3722 279.0911 278.6456 278.2622 277.8167 277.4667 277.1167 276.8078 276.6644 276.58 276.4234 276.1656 275.8434 275.6367 275.5355 275.4445 275.2733 275.0978 274.9433 274.8256 274.9034 275.0389 275.1844 275.3211 275.5056 275.7422 275.7933 275.9689 276.1344 276.3333 276.5178 276.7767 277.07 277.4111 277.5866 277.4856 277.7233 277.9222 278.3633
283.0878 283.2178 283.31 283.3767 283.2889 283.1544 283.0988 283.0944 282.9133 282.5967 282.5178 282.25 281.7833 281.4533 281.3467 281.0133 280.5245 280.2667 279.9034 279.58 279.3156 279.0367 278.8856 278.7322 278.4033 278.0233 277.7911 277.5145 277.1156 276.7044 276.3911 276.1234 275.8422 275.7456 275.62 275.5267 275.3856 275.1522 274.9078 274.7567 274.6789 274.4645 274.3222 274.2911 274.1622 274.1933 274.3689 274.4645 274.6156 274.71 274.9366 274.95 275.1833 275.36 275.5289 275.7089 276.0634 276.3744 276.6444 276.6823 276.7133 276.9278 277.0567 277.4089
281.6944 281.9545 282.0744 282.14 281.9722 281.9611 281.8856 281.8433 281.6044 281.3566 281.2767 280.8233 280.4444 280.1778 280.0033 279.61 279.2089 278.9855 278.7 278.3889 278.1823 277.7911 277.6611 277.3423 277.0767 276.8167 276.6234 276.4511 276.0089 275.69 275.4633 275.2044 274.9889 274.9456 274.8456 274.6867 274.5778 274.3878 274.0956 273.9633 273.7455 273.6144 273.4811 273.4478 273.5422 273.74 273.8611 273.76 273.8878 273.9544 274.1189 274.3078 274.4622 274.4778 274.7155 274.9911 275.3333 275.5444 275.7856 275.8689 276.0078 276.1389 276.28 276.58
280.2933 280.5889 280.7367 280.74 280.7833 280.7478 280.56 280.4989 280.2344 280.0711 279.87 279.47 279.2411 279.1245 278.8289 278.4011 278.0045 277.7267 277.5422 277.4411 277.1656 276.8233 276.5956 276.2655 275.9633 275.6422 275.5567 275.3956 275.0467 274.6822 274.5122 274.1923 274.0678 274.0056 273.8522 273.6922 273.67 273.4344 273.2367 273.0444 272.9567 272.79 272.6934 272.68 272.78 272.88 273.0078 272.8723 273.0611 273.2522 273.3044 273.5645 273.7011 273.7233 273.94 274.3333 274.62 274.8189 274.9478 275.0089 275.1389 275.2978 275.46 275.8078
279.0811 279.2589 279.3445 279.4445 279.4767 279.4278 279.2833 279.1322 278.9689 278.7367 278.5677 278.4011 278.16 278.0922 277.8711 277.2766 276.9589 276.6811 276.5111 276.2322 276.04 275.7711 275.5611 275.2245 274.9211 274.5789 274.4534 274.3133 273.9978 273.72 273.5056 273.3066 273.1778 273.1489 273.05 272.8077 272.7811 272.6044 272.51 272.1334 272.0911 271.9733 271.8911 271.8156 271.9578 272.05 272.1344 272.1833 272.2867 272.3534 272.4533 272.6222 272.8078 272.9722 273.2656 273.5778 273.9378 274.1111 274.19 274.1611 274.13 274.43 274.6222 274.8189
277.6167 277.9911 278.1666 278.21 278.3367 278.3656 278.15 277.9378 277.7078 277.5355 277.4088 277.1056 276.7978 276.7278 276.5478 276.18 275.8889 275.65 275.4311 275.2322 274.9711 274.8156 274.5522 274.1744 273.8488 273.4355 273.2567 273.1789 272.9122 272.6823 272.61 272.5456 272.3233 272.2178 272.14 271.9767 271.7911 271.6556 271.5677 271.3267 271.1433 271.1033 271.0856 271.0722 271.13 271.4378 271.4055 271.4522 271.4256 271.4967 271.6544 271.8211 272.0378 272.1633 272.3944 272.6233 272.8756 273.0211 273.1045 273.1233 273.1344 273.3467 273.5489 273.85
276.2333 276.5089 276.8889 277.0056 277.1067 277.1522 277.06 276.9033 276.6544 276.5145 276.2755 276.0656 275.6422 275.4611 275.2944 275.0566 274.7989 274.59 274.45 274.1867 274.0778 273.8511 273.53 273.2367 273.0111 272.6778 272.4889 272.3011 272.0767 271.8844 271.7111 271.5267 271.3845 271.2945 271.1655 271.0555 270.9233 270.8167 270.6289 270.44 270.3489 270.3178 270.2755 270.2856 270.3833 270.42 270.5233 270.6089 270.6422 270.7111 270.8445 271.0411 271.19 271.3645 271.5811 271.7378 271.8878 272.0233 272.2233 272.3245 272.36 272.4611 272.5456 272.8033
275.1544 275.3678 275.7322 275.9256 275.92 275.8989 275.8111 275.6744 275.2767 275.3111 275.1989 275.0555 274.7156 274.5611 274.4311 274.2489 273.8967 273.7289 273.4745 273.2644 273.0922 272.9056 272.6289 272.41 272.1289 271.8878 271.7245 271.54 271.29 271.1022 270.8367 270.6722 270.5122 270.4211 270.3611 270.3489 270.19 270.0389 269.8978 269.7044 269.6456 269.6322 269.6122 269.5767 269.66 269.7455 269.8489 269.9378 269.9822 270.0255 270.1322 270.2644 270.3933 270.6367 270.8756 271.02 271.1522 271.2889 271.3633 271.3867 271.4022 271.4778 271.6533 272.0467
274.0967 274.2333 274.5333 274.82 274.69 274.8611 274.8488 274.7022 274.5122 274.3456 274.1589 273.9111 273.6956 273.6022 273.45 273.23 272.9589 272.7967 272.4944 272.2889 272.1311 271.9655 271.7677 271.5844 271.2055 270.9044 270.7333 270.5889 270.4978 270.1145 269.9256 269.7744 269.6 269.5567 269.4667 269.4589 269.3422 269.1711 269.1566 268.9978 268.9111 268.8878 268.8367 268.7766 268.9933 269.0067 269.0722 269.1889 269.2911 269.3733 269.4689 269.5667 269.7567 269.8778 270.0956 270.2067 270.3267 270.3867 270.3789 270.46 270.4922 270.6211 270.9034 271.2444
273.0867 273.1555 273.3389 273.5044 273.5278 273.7778 273.8222 273.7489 273.7022 273.5455 273.0911 272.9578 272.8356 272.7045 272.45 272.2389 271.9878 271.8767 271.5744 271.3367 271.09 270.9378 270.68 270.5478 270.2478 269.9922 269.8611 269.6866 269.5355 269.19 268.9467 268.86 268.7511 268.7233 268.5689 268.5189 268.4311 268.3044 268.3556 268.3111 268.3189 268.2111 268.0934 268.0722 268.1589 268.2333 268.2789 268.3145 268.4922 268.6133 268.6823 268.8478 269.0222 269.1222 269.3434 269.44 269.3811 269.4011 269.5111 269.5756 269.58 269.7967 270.1622 270.3922
272.1133 272.2311 272.3022 272.4789 272.6022 272.6967 272.7356 272.5911 272.4789 272.3689 272.1844 272.0733 271.8611 271.7833 271.5078 271.3233 271.0889 270.7978 270.5889 270.4411 270.2789 269.9411 269.7833 269.6389 269.3711 269.1978 268.97 268.7433 268.5934 268.3011 268.2111 268.13 267.96 267.9 267.7967 267.7022 267.5511 267.4489 267.4289 267.43 267.44 267.4 267.3156 267.3022 267.3289 267.4189 267.5345 267.5744 267.7445 267.9067 267.9322 268.0756 268.3222 268.45 268.4522 268.5189 268.5267 268.5422 268.9033 268.8133 268.9323 269.0856 269.3522 269.7167
271.2211 271.2856 271.4011 271.5133 271.6456 271.7389 271.7378 271.6089 271.4589 271.49 271.3933 271.2755 270.99 270.8111 270.4889 270.3678 270.13 269.9867 269.7378 269.6178 269.3734 269.1289 269.0345 268.8466 268.7 268.4467 268.0878 267.9745 267.7878 267.5978 267.4878 267.3156 267.1433 267.0978 266.97 266.9333 266.9256 266.7967 266.6678 266.7122 266.7611 266.7 266.6144 266.5356 266.6066 266.6789 266.8167 266.9233 267.0634 267.1811 267.3122 267.4433 267.7122 267.7267 267.7333 267.7845 267.8055 267.8989 268.0956 267.9778 268.2378 268.2867 268.6266 268.9089
270.2878 270.2823 270.4433 270.54 270.6067 270.65 270.6511 270.6789 270.7044 270.7166 270.6244 270.3366 270.0878 269.9256 269.6867 269.4933 269.2522 269.1089 268.8467 268.6933 268.4844 268.2889 268.0878 267.9423 267.8656 267.6789 267.4078 267.2034 266.9378 266.8256 266.6056 266.3544 266.3122 266.27 266.0856 266.0689 266.0622 266.0233 266.0756 266.0933 265.9967 265.9733 265.8989 265.8434 265.9133 266.0355 266.1567 266.1978 266.25 266.3589 266.4889 266.6133 266.79 266.8933 266.8911 266.9122 267.2289 267.2244 267.4533 267.3678 267.4411 267.7323 267.9767 268.2078
269.39 269.5167 269.6156 269.67 269.76 269.6789 269.6933 269.6767 269.7833 269.8044 269.69 269.3789 269.1856 269.1778 268.8722 268.6578 268.4289 268.2433 268.0211 267.7989 267.6322 267.3978 267.2267 267.0555 267.0056 266.8256 266.5966 266.4389 266.2778 266.22 265.9711 265.7222 265.6533 265.6222 265.4933 265.3366 265.2889 265.2689 265.3344 265.3633 265.1444 265.1133 265.0934 265.0856 265.1489 265.2711 265.3822 265.4967 265.58 265.6533 265.85 265.8778 266.0323 266.0411 265.9844 266.1678 266.3378 266.51 266.5911 266.5767 266.7811 267.0778 267.3534 267.5589
268.5233 268.6922 268.7467 268.8478 268.9556 268.8822 268.8544 268.8477 268.93 268.8967 268.7722 268.5289 268.2511 268.1656 267.8989 267.7245 267.5433 267.3689 267.17 267.0111 266.7444 266.5356 266.5933 266.3089 266.23 265.9977 265.7822 265.7245 265.5722 265.3933 265.1311 264.9567 264.8656 264.7778 264.7311 264.6467 264.5378 264.5489 264.5411 264.4733 264.4255 264.3789 264.32 264.2744 264.2956 264.4311 264.4789 264.6 264.75 264.9233 265.0089 265.1344 265.2433 265.1422 265.1866 265.3944 265.6656 265.7967 265.7633 265.7578 265.9878 266.32 266.7867 267.0467
267.7767 267.8678 267.9111 267.9733 267.9567 268.0522 268.1044 268.1089 268.0833 268.0422 267.9711 267.7322 267.4989 267.2655 267.0511 266.8967 266.7333 266.5244 266.33 266.18 265.8711 265.8033 265.7356 265.5889 265.4611 265.3078 265.1922 265.1 264.77 264.7311 264.4089 264.2311 264.1133 264.0733 263.95 263.7978 263.7533 263.7589 263.7978 263.7833 263.7166 263.6866 263.6689 263.66 263.6955 263.77 263.8633 264.0789 264.1656 264.2055 264.2767 264.3289 264.2733 264.2889 264.3122 264.5167 264.86 265.0189 265.1278 265.2789 265.2945 265.4978 265.9167 266.0589
266.9266 267.0278 267.1444 267.2756 267.2845 267.3089 267.3 267.2067 267.08 267.1311 267.0111 266.8222 266.66 266.3522 266.2489 266.0756 265.9323 265.7156 265.5378 265.3611 265.1822 265.0411 264.8878 264.6789 264.6 264.51 264.4122 264.2955 264.0544 263.8578 263.64 263.5677 263.3534 263.3178 263.2311 263.1489 263.1356 263.1967 263.2767 263.2467 262.9344 262.8944 262.8834 262.8822 262.9067 263.0911 263.1433 263.2833 263.4022 263.5222 263.5689 263.57 263.5389 263.54 263.44 263.5967 263.9678 264.1911 264.36 264.3445 264.4144 264.7144 265.2023 265.1256
266.1189 266.1822 266.2778 266.3934 266.4767 266.4944 266.46 266.4511 266.3344 266.2411 266.1211 265.9922 265.7045 265.4844 265.4133 265.2333 265.0811 264.89 264.74 264.59 264.4323 264.3456 264.0833 263.8955 263.8122 263.7645 263.6067 263.41 263.2078 263.0167 262.8445 262.6945 262.6789 262.5422 262.4633 262.3656 262.3167 262.31 262.2945 262.2267 262.0356 261.9933 261.9244 261.9189 261.93 262.0533 262.1378 262.2722 262.38 262.5011 262.5645 262.5856 262.6322 262.7111 262.77 262.8956 263.03 263.1367 263.2478 263.28 263.5033 263.81 264.1456 264.3055
265.1078 265.35 265.3878 265.4844 265.5289 265.5356 265.5155 265.4633 265.4244 265.3156 265.19 265 264.8544 264.6767 264.4966 264.3011 264.1078 263.9489 263.7422 263.6 263.5 263.4278 263.3289 263.21 263.0689 262.9844 262.8589 262.7045 262.4011 262.1444 261.8889 261.7056 261.6823 261.5567 261.4878 261.4555 261.4366 261.4445 261.4722 261.4533 261.4022 261.35 261.3456 261.33 261.3689 261.4633 261.5345 261.5956 261.5866 261.6267 261.6567 261.6978 261.7156 261.7389 261.7378 261.9156 262.1267 262.34 262.6289 262.6778 262.7122 262.8478 263.0445 263.2722
264.5511 264.61 264.6422 264.6722 264.6744 264.6511 264.6767 264.5789 264.4011 264.2766 264.19 264.0978 263.9 263.7578 263.5778 263.4055 263.2333 263.06 262.9011 262.74 262.7444 262.5222 262.4233 262.2467 262.0578 261.8989 261.7622 261.5356 261.4189 261.2922 261.16 261.0811 260.9833 260.9222 260.8567 260.7733 260.7144 260.6744 260.6267 260.6178 260.5389 260.4867 260.4989 260.5356 260.5689 260.6378 260.7478 260.8222 260.8434 260.8667 260.8722 260.9367 261.0067 261.0422 261.0834 261.0922 261.1756 261.2067 261.4211 261.5978 261.9767 262.1911 262.2011 262.3289
263.7533 263.8422 264.0133 264.0889 264.0122 264.0889 264.0189 263.9489 263.8112 263.6433 263.5345 263.5011 263.3067 263.0611 262.8 262.5356 262.2833 262.04 261.8844 261.7733 261.6778 261.61 261.5255 261.4433 261.3211 261.2089 261.0345 260.8844 260.7356 260.5478 260.3856 260.2522 260.1444 260.05 259.98 259.9778 259.9589 259.9467 259.8789 259.83 259.7678 259.7289 259.7389 259.7744 259.7956 259.8567 259.9166 259.9944 260.0033 260.03 260.0811 260.1923 260.2711 260.2889 260.36 260.4511 260.5356 260.6044 260.7033 260.8044 260.9567 261.1078 261.2344 261.4078
262.8434 262.9189 263 263.0967 263.1756 263.1111 263.0455 263.0789 263.02 262.9078 262.6344 262.4967 262.2378 262.0222 261.7989 261.65 261.4967 261.3578 261.23 261.1111 261 260.9067 260.7889 260.6989 260.5656 260.4289 260.2878 260.1278 259.9622 259.78 259.66 259.5322 259.4278 259.3278 259.2589 259.23 259.2 259.1866 259.1422 259.1189 259.0733 258.9811 258.9589 258.98 259.04 259.1133 259.1478 259.2 259.2644 259.3078 259.3678 259.4433 259.5422 259.5856 259.6344 259.6833 259.7533 259.8244 259.9356 260.1233 260.2678 260.35 260.4578 260.54
262.2211 262.3311 262.4233 262.4422 262.4411 262.3833 262.33 262.2278 262.0844 261.9644 261.8445 261.6878 261.5367 261.3544 261.2144 261.0555 260.8711 260.7122 260.5489 260.4189 260.2922 260.1867 260.0533 259.9422 259.7855 259.6378 259.5222 259.39 259.2267 259.0967 258.9778 258.8434 258.7822 258.6911 258.6144 258.5778 258.5267 258.5078 258.4478 258.4078 258.3456 258.2578 258.2055 258.2233 258.3289 258.4166 258.45 258.4756 258.5334 258.5634 258.6444 258.7067 258.7545 258.8466 258.9178 258.95 259.0378 259.0956 259.1644 259.2711 259.4255 259.6033 259.7478 259.8789
261.4389 261.5645 261.6689 261.7189 261.7411 261.7189 261.6833 261.6211 261.5478 261.4056 261.2511 261.0567 260.8133 260.6022 260.4144 260.2744 260.09 259.9211 259.79 259.6689 259.5767 259.5022 259.44 259.2967 259.16 259.0267 258.9033 258.7555 258.5678 258.4133 258.2389 258.0989 258.0078 257.91 257.8411 257.8033 257.7633 257.7233 257.6822 257.6567 257.6045 257.5511 257.54 257.52 257.5878 257.6489 257.6644 257.6422 257.6888 257.7022 257.7755 257.8889 257.9811 258.0433 258.14 258.2045 258.2945 258.3556 258.4044 258.46 258.5922 258.7478 258.9078 259.0656
260.7522 260.8911 260.9911 261.0323 261.0611 260.9944 260.9278 260.8422 260.7245 260.5878 260.4578 260.2678 260.0789 259.9 259.7811 259.6089 259.4489 259.3134 259.1689 259.0445 258.9522 258.8522 258.7311 258.5711 258.4066 258.2767 258.1334 257.9911 257.8434 257.68 257.5367 257.3545 257.2422 257.1833 257.1478 257.0622 256.9778 256.9467 256.9156 256.9022 256.87 256.8544 256.8467 256.8478 256.8889 256.9034 256.9111 256.9011 256.9044 256.9266 256.9445 257.0267 257.1255 257.1833 257.2333 257.3189 257.4478 257.5578 257.6145 257.6844 257.7845 257.9033 258.0667 258.1989
